0 0
1 1
2 0
3 2
4 1
5 0
6 3
7 2
8 1
9 0
10 4
11 3
12 2
13 1
14 0
15 5
16 4
17 3
18 2
19 1
20 0
21 6
22 5
23 4
24 3
25 2
26 1
27 0
28 7
29 6
30 5
31 4
32 3
33 2
34 1
35 0
36 8
37 7
38 6
39 5
40 4
41 3
42 2
43 1
44 0
45 9
46 8
47 7
48 6
49 5
50 4
51 3
52 2
53 1
54 0
55 10
56 9
57 8
58 7
59 6
60 5
61 4
62 3
63 2
64 1
65 0
66 11
67 10
68 9
69 8
70 7
71 6
72 5
73 4
74 3
75 2
76 1
77 0
78 12
79 11
80 10
81 9
82 8
83 7
84 6
85 5
86 4
87 3
88 2
89 1
90 0
91 13
92 12
93 11
94 10
95 9
96 8
97 7
98 6
99 5
100 4
101 3
102 2
103 1
104 0
105 14
106 13
107 12
108 11
109 10
110 9
111 8
112 7
113 6
114 5
115 4
116 3
117 2
118 1
119 0
120 15
121 14
122 13
123 12
124 11
125 10
126 9
127 8
128 7
129 6
130 5
131 4
132 3
133 2
134 1
135 0
136 16
137 15
138 14
139 13
140 12
141 11
142 10
143 9
144 8
145 7
146 6
147 5
148 4
149 3
150 2
151 1
152 0
153 17
154 16
155 15
156 14
157 13
158 12
159 11
160 10
161 9
162 8
163 7
164 6
165 5
166 4
167 3
168 2
169 1
170 0
171 18
172 17
173 16
174 15
175 14
176 13
177 12
178 11
179 10
180 9
181 8
182 7
183 6
184 5
185 4
186 3
187 2
188 1
189 0
190 19
191 18
192 17
193 16
194 15
195 14
196 13
197 12
198 11
199 10
200 9
201 8
202 7
203 6
204 5
205 4
206 3
207 2
208 1
209 0
210 20
211 19
212 18
213 17
214 16
215 15
216 14
217 13
218 12
219 11
220 10
221 9
222 8
223 7
224 6
225 5
226 4
227 3
228 2
229 1
230 0
231 21
232 20
233 19
234 18
235 17
236 16
237 15
238 14
239 13
240 12
241 11
242 10
243 9
244 8
245 7
246 6
247 5
248 4
249 3
250 2
251 1
252 0
253 22
254 21
255 20
256 19
257 18
258 17
259 16
260 15
261 14
262 13
263 12
264 11
265 10
266 9
267 8
268 7
269 6
270 5
271 4
272 3
273 2
274 1
275 0
276 23
277 22
278 21
279 20
280 19
281 18
282 17
283 16
284 15
285 14
286 13
287 12
288 11
289 10
290 9
291 8
292 7
293 6
294 5
295 4
296 3
297 2
298 1
299 0
300 24
301 23
302 22
303 21
304 20
305 19
306 18
307 17
308 16
309 15
310 14
311 13
312 12
313 11
314 10
315 9
316 8
317 7
318 6
319 5
320 4
321 3
322 2
323 1
324 0
325 25
326 24
327 23
328 22
329 21
330 20
331 19
332 18
333 17
334 16
335 15
336 14
337 13
338 12
339 11
340 10
341 9
342 8
343 7
344 6
345 5
346 4
347 3
348 2
349 1
350 0
351 26
352 25
353 24
354 23
355 22
356 21
357 20
358 19
359 18
360 17
361 16
362 15
363 14
364 13
365 12
366 11
367 10
368 9
369 8
370 7
371 6
372 5
373 4
374 3
375 2
376 1
377 0
378 27
379 26
380 25
381 24
382 23
383 22
384 21
385 20
386 19
387 18
388 17
389 16
390 15
391 14
392 13
393 12
394 11
395 10
396 9
397 8
398 7
399 6
400 5
401 4
402 3
403 2
404 1
405 0
406 28
407 27
408 26
409 25
410 24
411 23
412 22
413 21
414 20
415 19
416 18
417 17
418 16
419 15
420 14
421 13
422 12
423 11
424 10
425 9
426 8
427 7
428 6
429 5
430 4
431 3
432 2
433 1
434 0
435 29
436 28
437 27
438 26
439 25
440 24
441 23
442 22
443 21
444 20
445 19
446 18
447 17
448 16
449 15
450 14
451 13
452 12
453 11
454 10
455 9
456 8
457 7
458 6
459 5
460 4
461 3
462 2
463 1
464 0
465 30
466 29
467 28
468 27
469 26
470 25
471 24
472 23
473 22
474 21
475 20
476 19
477 18
478 17
479 16
480 15
481 14
482 13
483 12
484 11
485 10
486 9
487 8
488 7
489 6
490 5
491 4
492 3
493 2
494 1
495 0
496 31
497 30
498 29
499 28
500 27
501 26
502 25
503 24
504 23
505 22
506 21
507 20
508 19
509 18
510 17
511 16
512 15
513 14
514 13
515 12
516 11
517 10
518 9
519 8
520 7
521 6
522 5
523 4
524 3
525 2
526 1
527 0
528 32
529 31
530 30
531 29
532 28
533 27
534 26
535 25
536 24
537 23
538 22
539 21
540 20
541 19
542 18
543 17
544 16
545 15
546 14
547 13
548 12
549 11
550 10
551 9
552 8
553 7
554 6
555 5
556 4
557 3
558 2
559 1
560 0
561 33
562 32
563 31
564 30
565 29
566 28
567 27
568 26
569 25
570 24
571 23
572 22
573 21
574 20
575 19
576 18
577 17
578 16
579 15
580 14
581 13
582 12
583 11
584 10
585 9
586 8
587 7
588 6
589 5
590 4
591 3
592 2
593 1
594 0
595 34
596 33
597 32
598 31
599 30
600 29
601 28
602 27
603 26
604 25
605 24
606 23
607 22
608 21
609 20
610 19
611 18
612 17
613 16
614 15
615 14
616 13
617 12
618 11
619 10
620 9
621 8
622 7
623 6
624 5
625 4
626 3
627 2
628 1
629 0
630 35
631 34
632 33
633 32
634 31
635 30
636 29
637 28
638 27
639 26
640 25
641 24
642 23
643 22
644 21
645 20
646 19
647 18
648 17
649 16
650 15
651 14
652 13
653 12
654 11
655 10
656 9
657 8
658 7
659 6
660 5
661 4
662 3
663 2
664 1
665 0
666 36
667 35
668 34
669 33
670 32
671 31
672 30
673 29
674 28
675 27
676 26
677 25
678 24
679 23
680 22
681 21
682 20
683 19
684 18
685 17
686 16
687 15
688 14
689 13
690 12
691 11
692 10
693 9
694 8
695 7
696 6
697 5
698 4
699 3
700 2
701 1
702 0
703 37
704 36
705 35
706 34
707 33
708 32
709 31
710 30
711 29
712 28
713 27
714 26
715 25
716 24
717 23
718 22
719 21
720 20
721 19
722 18
723 17
724 16
725 15
726 14
727 13
728 12
729 11
730 10
731 9
732 8
733 7
734 6
735 5
736 4
737 3
738 2
739 1
740 0
741 38
742 37
743 36
744 35
745 34
746 33
747 32
748 31
749 30
750 29
751 28
752 27
753 26
754 25
755 24
756 23
757 22
758 21
759 20
760 19
761 18
762 17
763 16
764 15
765 14
766 13
767 12
768 11
769 10
770 9
771 8
772 7
773 6
774 5
775 4
776 3
777 2
778 1
779 0
780 39
781 38
782 37
783 36
784 35
785 34
786 33
787 32
788 31
789 30
790 29
791 28
792 27
793 26
794 25
795 24
796 23
797 22
798 21
799 20
800 19
801 18
802 17
803 16
804 15
805 14
806 13
807 12
808 11
809 10
810 9
811 8
812 7
813 6
814 5
815 4
816 3
817 2
818 1
819 0
820 40
821 39
822 38
823 37
824 36
825 35
826 34
827 33
828 32
829 31
830 30
831 29
832 28
833 27
834 26
835 25
836 24
837 23
838 22
839 21
840 20
841 19
842 18
843 17
844 16
845 15
846 14
847 13
848 12
849 11
850 10
851 9
852 8
853 7
854 6
855 5
856 4
857 3
858 2
859 1
860 0
861 41
862 40
863 39
864 38
865 37
866 36
867 35
868 34
869 33
870 32
871 31
872 30
873 29
874 28
875 27
876 26
877 25
878 24
879 23
880 22
881 21
882 20
883 19
884 18
885 17
886 16
887 15
888 14
889 13
890 12
891 11
892 10
893 9
894 8
895 7
896 6
897 5
898 4
899 3
900 2
901 1
902 0
903 42
904 41
905 40
906 39
907 38
908 37
909 36
910 35
911 34
912 33
913 32
914 31
915 30
916 29
917 28
918 27
919 26
920 25
921 24
922 23
923 22
924 21
925 20
926 19
927 18
928 17
929 16
930 15
931 14
932 13
933 12
934 11
935 10
936 9
937 8
938 7
939 6
940 5
941 4
942 3
943 2
944 1
945 0
946 43
947 42
948 41
949 40
950 39
951 38
952 37
953 36
954 35
955 34
956 33
957 32
958 31
959 30
960 29
961 28
962 27
963 26
964 25
965 24
966 23
967 22
968 21
969 20
970 19
971 18
972 17
973 16
974 15
975 14
976 13
977 12
978 11
979 10
980 9
981 8
982 7
983 6
984 5
985 4
986 3
987 2
988 1
989 0
990 44
991 43
992 42
993 41
994 40
995 39
996 38
997 37
998 36
999 35
1000 34
1001 33
1002 32
1003 31
1004 30
1005 29
1006 28
1007 27
1008 26
1009 25
1010 24
1011 23
1012 22
1013 21
1014 20
1015 19
1016 18
1017 17
1018 16
1019 15
1020 14
1021 13
1022 12
1023 11
1024 10
1025 9
1026 8
1027 7
1028 6
1029 5
1030 4
1031 3
1032 2
1033 1
1034 0
1035 45
1036 44
1037 43
1038 42
1039 41
1040 40
1041 39
1042 38
1043 37
1044 36
1045 35
1046 34
1047 33
1048 32
1049 31
1050 30
1051 29
1052 28
1053 27
1054 26
1055 25
1056 24
1057 23
1058 22
1059 21
1060 20
1061 19
1062 18
1063 17
1064 16
1065 15
1066 14
1067 13
1068 12
1069 11
1070 10
1071 9
1072 8
1073 7
1074 6
1075 5
1076 4
1077 3
1078 2
1079 1
1080 0
1081 46
1082 45
1083 44
1084 43
1085 42
1086 41
1087 40
1088 39
1089 38
1090 37
1091 36
1092 35
1093 34
1094 33
1095 32
1096 31
1097 30
1098 29
1099 28
1100 27
1101 26
1102 25
1103 24
1104 23
1105 22
1106 21
1107 20
1108 19
1109 18
1110 17
1111 16
1112 15
1113 14
1114 13
1115 12
1116 11
1117 10
1118 9
1119 8
1120 7
1121 6
1122 5
1123 4
1124 3
1125 2
1126 1
1127 0
1128 47
1129 46
1130 45
1131 44
1132 43
1133 42
1134 41
1135 40
1136 39
1137 38
1138 37
1139 36
1140 35
1141 34
1142 33
1143 32
1144 31
1145 30
1146 29
1147 28
1148 27
1149 26
1150 25
1151 24
1152 23
1153 22
1154 21
1155 20
1156 19
1157 18
1158 17
1159 16
1160 15
1161 14
1162 13
1163 12
1164 11
1165 10
1166 9
1167 8
1168 7
1169 6
1170 5
1171 4
1172 3
1173 2
1174 1
1175 0
1176 48
1177 47
1178 46
1179 45
1180 44
1181 43
1182 42
1183 41
1184 40
1185 39
1186 38
1187 37
1188 36
1189 35
1190 34
1191 33
1192 32
1193 31
1194 30
1195 29
1196 28
1197 27
1198 26
1199 25
1200 24
1201 23
1202 22
1203 21
1204 20
1205 19
1206 18
1207 17
1208 16
1209 15
1210 14
1211 13
1212 12
1213 11
1214 10
1215 9
1216 8
1217 7
1218 6
1219 5
1220 4
1221 3
1222 2
1223 1
1224 0
1225 49
1226 48
1227 47
1228 46
1229 45
1230 44
1231 43
1232 42
1233 41
1234 40
1235 39
1236 38
1237 37
1238 36
1239 35
1240 34
1241 33
1242 32
1243 31
1244 30
1245 29
1246 28
1247 27
1248 26
1249 25
1250 24
1251 23
1252 22
1253 21
1254 20
1255 19
1256 18
1257 17
1258 16
1259 15
1260 14
1261 13
1262 12
1263 11
1264 10
1265 9
1266 8
1267 7
1268 6
1269 5
1270 4
1271 3
1272 2
1273 1
1274 0
1275 50
1276 49
1277 48
1278 47
1279 46
1280 45
1281 44
1282 43
1283 42
1284 41
1285 40
1286 39
1287 38
1288 37
1289 36
1290 35
1291 34
1292 33
1293 32
1294 31
1295 30
1296 29
1297 28
1298 27
1299 26
1300 25
1301 24
1302 23
1303 22
1304 21
1305 20
1306 19
1307 18
1308 17
1309 16
1310 15
1311 14
1312 13
1313 12
1314 11
1315 10
1316 9
1317 8
1318 7
1319 6
1320 5
1321 4
1322 3
1323 2
1324 1
1325 0
1326 51
1327 50
1328 49
1329 48
1330 47
1331 46
1332 45
1333 44
1334 43
1335 42
1336 41
1337 40
1338 39
1339 38
1340 37
1341 36
1342 35
1343 34
1344 33
1345 32
1346 31
1347 30
1348 29
1349 28
1350 27
1351 26
1352 25
1353 24
1354 23
1355 22
1356 21
1357 20
1358 19
1359 18
1360 17
1361 16
1362 15
1363 14
1364 13
1365 12
1366 11
1367 10
1368 9
1369 8
1370 7
1371 6
1372 5
1373 4
1374 3
1375 2
1376 1
1377 0
1378 52
1379 51
1380 50
1381 49
1382 48
1383 47
1384 46
1385 45
1386 44
1387 43
1388 42
1389 41
1390 40
1391 39
1392 38
1393 37
1394 36
1395 35
1396 34
1397 33
1398 32
1399 31
1400 30
1401 29
1402 28
1403 27
1404 26
1405 25
1406 24
1407 23
1408 22
1409 21
1410 20
1411 19
1412 18
1413 17
1414 16
1415 15
1416 14
1417 13
1418 12
1419 11
1420 10
1421 9
1422 8
1423 7
1424 6
1425 5
1426 4
1427 3
1428 2
1429 1
1430 0
1431 53
1432 52
1433 51
1434 50
1435 49
1436 48
1437 47
1438 46
1439 45
1440 44
1441 43
1442 42
1443 41
1444 40
1445 39
1446 38
1447 37
1448 36
1449 35
1450 34
1451 33
1452 32
1453 31
1454 30
1455 29
1456 28
1457 27
1458 26
1459 25
1460 24
1461 23
1462 22
1463 21
1464 20
1465 19
1466 18
1467 17
1468 16
1469 15
1470 14
1471 13
1472 12
1473 11
1474 10
1475 9
1476 8
1477 7
1478 6
1479 5
1480 4
1481 3
1482 2
1483 1
1484 0
1485 54
1486 53
1487 52
1488 51
1489 50
1490 49
1491 48
1492 47
1493 46
1494 45
1495 44
1496 43
1497 42
1498 41
1499 40
1500 39
1501 38
1502 37
1503 36
1504 35
1505 34
1506 33
1507 32
1508 31
1509 30
1510 29
1511 28
1512 27
1513 26
1514 25
1515 24
1516 23
1517 22
1518 21
1519 20
1520 19
1521 18
1522 17
1523 16
1524 15
1525 14
1526 13
1527 12
1528 11
1529 10
1530 9
1531 8
1532 7
1533 6
1534 5
1535 4
1536 3
1537 2
1538 1
1539 0
1540 55
1541 54
1542 53
1543 52
1544 51
1545 50
1546 49
1547 48
1548 47
1549 46
1550 45
1551 44
1552 43
1553 42
1554 41
1555 40
1556 39
1557 38
1558 37
1559 36
1560 35
1561 34
1562 33
1563 32
1564 31
1565 30
1566 29
1567 28
1568 27
1569 26
1570 25
1571 24
1572 23
1573 22
1574 21
1575 20
1576 19
1577 18
1578 17
1579 16
1580 15
1581 14
1582 13
1583 12
1584 11
1585 10
1586 9
1587 8
1588 7
1589 6
1590 5
1591 4
1592 3
1593 2
1594 1
1595 0
1596 56
1597 55
1598 54
1599 53
1600 52
1601 51
1602 50
1603 49
1604 48
1605 47
1606 46
1607 45
1608 44
1609 43
1610 42
1611 41
1612 40
1613 39
1614 38
1615 37
1616 36
1617 35
1618 34
1619 33
1620 32
1621 31
1622 30
1623 29
1624 28
1625 27
1626 26
1627 25
1628 24
1629 23
1630 22
1631 21
1632 20
1633 19
1634 18
1635 17
1636 16
1637 15
1638 14
1639 13
1640 12
1641 11
1642 10
1643 9
1644 8
1645 7
1646 6
1647 5
1648 4
1649 3
1650 2
1651 1
1652 0
1653 57
1654 56
1655 55
1656 54
1657 53
1658 52
1659 51
1660 50
1661 49
1662 48
1663 47
1664 46
1665 45
1666 44
1667 43
1668 42
1669 41
1670 40
1671 39
1672 38
1673 37
1674 36
1675 35
1676 34
1677 33
1678 32
1679 31
1680 30
1681 29
1682 28
1683 27
1684 26
1685 25
1686 24
1687 23
1688 22
1689 21
1690 20
1691 19
1692 18
1693 17
1694 16
1695 15
1696 14
1697 13
1698 12
1699 11
1700 10
1701 9
1702 8
1703 7
1704 6
1705 5
1706 4
1707 3
1708 2
1709 1
1710 0
1711 58
1712 57
1713 56
1714 55
1715 54
1716 53
1717 52
1718 51
1719 50
1720 49
1721 48
1722 47
1723 46
1724 45
1725 44
1726 43
1727 42
1728 41
1729 40
1730 39
1731 38
1732 37
1733 36
1734 35
1735 34
1736 33
1737 32
1738 31
1739 30
1740 29
1741 28
1742 27
1743 26
1744 25
1745 24
1746 23
1747 22
1748 21
1749 20
1750 19
1751 18
1752 17
1753 16
1754 15
1755 14
1756 13
1757 12
1758 11
1759 10
1760 9
1761 8
1762 7
1763 6
1764 5
1765 4
1766 3
1767 2
1768 1
1769 0
1770 59
1771 58
1772 57
1773 56
1774 55
1775 54
1776 53
1777 52
1778 51
1779 50
1780 49
1781 48
1782 47
1783 46
1784 45
1785 44
1786 43
1787 42
1788 41
1789 40
1790 39
1791 38
1792 37
1793 36
1794 35
1795 34
1796 33
1797 32
1798 31
1799 30
1800 29
1801 28
1802 27
1803 26
1804 25
1805 24
1806 23
1807 22
1808 21
1809 20
1810 19
1811 18
1812 17
1813 16
1814 15
1815 14
1816 13
1817 12
1818 11
1819 10
1820 9
1821 8
1822 7
1823 6
1824 5
1825 4
1826 3
1827 2
1828 1
1829 0
1830 60
1831 59
1832 58
1833 57
1834 56
1835 55
1836 54
1837 53
1838 52
1839 51
1840 50
1841 49
1842 48
1843 47
1844 46
1845 45
1846 44
1847 43
1848 42
1849 41
1850 40
1851 39
1852 38
1853 37
1854 36
1855 35
1856 34
1857 33
1858 32
1859 31
1860 30
1861 29
1862 28
1863 27
1864 26
1865 25
1866 24
1867 23
1868 22
1869 21
1870 20
1871 19
1872 18
1873 17
1874 16
1875 15
1876 14
1877 13
1878 12
1879 11
1880 10
1881 9
1882 8
1883 7
1884 6
1885 5
1886 4
1887 3
1888 2
1889 1
1890 0
1891 61
1892 60
1893 59
1894 58
1895 57
1896 56
1897 55
1898 54
1899 53
1900 52
1901 51
1902 50
1903 49
1904 48
1905 47
1906 46
1907 45
1908 44
1909 43
1910 42
1911 41
1912 40
1913 39
1914 38
1915 37
1916 36
1917 35
1918 34
1919 33
1920 32
1921 31
1922 30
1923 29
1924 28
1925 27
1926 26
1927 25
1928 24
1929 23
1930 22
1931 21
1932 20
1933 19
1934 18
1935 17
1936 16
1937 15
1938 14
1939 13
1940 12
1941 11
1942 10
1943 9
1944 8
1945 7
1946 6
1947 5
1948 4
1949 3
1950 2
1951 1
1952 0
1953 62
1954 61
1955 60
1956 59
1957 58
1958 57
1959 56
1960 55
1961 54
1962 53
1963 52
1964 51
1965 50
1966 49
1967 48
1968 47
1969 46
1970 45
1971 44
1972 43
1973 42
1974 41
1975 40
1976 39
1977 38
1978 37
1979 36
1980 35
1981 34
1982 33
1983 32
1984 31
1985 30
1986 29
1987 28
1988 27
1989 26
1990 25
1991 24
1992 23
1993 22
1994 21
1995 20
1996 19
1997 18
1998 17
1999 16
2000 15
2001 14
2002 13
2003 12
2004 11
2005 10
2006 9
2007 8
2008 7
2009 6
2010 5
2011 4
2012 3
2013 2
2014 1
2015 0
2016 63
2017 62
2018 61
2019 60
2020 59
2021 58
2022 57
2023 56
2024 55
2025 54
2026 53
2027 52
2028 51
2029 50
2030 49
2031 48
2032 47
2033 46
2034 45
2035 44
2036 43
2037 42
2038 41
2039 40
2040 39
2041 38
2042 37
2043 36
2044 35
2045 34
2046 33
2047 32
2048 31
2049 30
2050 29
2051 28
2052 27
2053 26
2054 25
2055 24
2056 23
2057 22
2058 21
2059 20
2060 19
2061 18
2062 17
2063 16
2064 15
2065 14
2066 13
2067 12
2068 11
2069 10
2070 9
2071 8
2072 7
2073 6
2074 5
2075 4
2076 3
2077 2
2078 1
2079 0
2080 64
2081 63
2082 62
2083 61
2084 60
2085 59
2086 58
2087 57
2088 56
2089 55
2090 54
2091 53
2092 52
2093 51
2094 50
2095 49
2096 48
2097 47
2098 46
2099 45
2100 44
2101 43
2102 42
2103 41
2104 40
2105 39
2106 38
2107 37
2108 36
2109 35
2110 34
2111 33
2112 32
2113 31
2114 30
2115 29
2116 28
2117 27
2118 26
2119 25
2120 24
2121 23
2122 22
2123 21
2124 20
2125 19
2126 18
2127 17
2128 16
2129 15
2130 14
2131 13
2132 12
2133 11
2134 10
2135 9
2136 8
2137 7
2138 6
2139 5
2140 4
2141 3
2142 2
2143 1
2144 0
2145 65
2146 64
2147 63
2148 62
2149 61
2150 60
2151 59
2152 58
2153 57
2154 56
2155 55
2156 54
2157 53
2158 52
2159 51
2160 50
2161 49
2162 48
2163 47
2164 46
2165 45
2166 44
2167 43
2168 42
2169 41
2170 40
2171 39
2172 38
2173 37
2174 36
2175 35
2176 34
2177 33
2178 32
2179 31
2180 30
2181 29
2182 28
2183 27
2184 26
2185 25
2186 24
2187 23
2188 22
2189 21
2190 20
2191 19
2192 18
2193 17
2194 16
2195 15
2196 14
2197 13
2198 12
2199 11
2200 10
2201 9
2202 8
2203 7
2204 6
2205 5
2206 4
2207 3
2208 2
2209 1
2210 0
2211 66
2212 65
2213 64
2214 63
2215 62
2216 61
2217 60
2218 59
2219 58
2220 57
2221 56
2222 55
2223 54
2224 53
2225 52
2226 51
2227 50
2228 49
2229 48
2230 47
2231 46
2232 45
2233 44
2234 43
2235 42
2236 41
2237 40
2238 39
2239 38
2240 37
2241 36
2242 35
2243 34
2244 33
2245 32
2246 31
2247 30
2248 29
2249 28
2250 27
2251 26
2252 25
2253 24
2254 23
2255 22
2256 21
2257 20
2258 19
2259 18
2260 17
2261 16
2262 15
2263 14
2264 13
2265 12
2266 11
2267 10
2268 9
2269 8
2270 7
2271 6
2272 5
2273 4
2274 3
2275 2
2276 1
2277 0
2278 67
2279 66
2280 65
2281 64
2282 63
2283 62
2284 61
2285 60
2286 59
2287 58
2288 57
2289 56
2290 55
2291 54
2292 53
2293 52
2294 51
2295 50
2296 49
2297 48
2298 47
2299 46
2300 45
2301 44
2302 43
2303 42
2304 41
2305 40
2306 39
2307 38
2308 37
2309 36
2310 35
2311 34
2312 33
2313 32
2314 31
2315 30
2316 29
2317 28
2318 27
2319 26
2320 25
2321 24
2322 23
2323 22
2324 21
2325 20
2326 19
2327 18
2328 17
2329 16
2330 15
2331 14
2332 13
2333 12
2334 11
2335 10
2336 9
2337 8
2338 7
2339 6
2340 5
2341 4
2342 3
2343 2
2344 1
2345 0
2346 68
2347 67
2348 66
2349 65
2350 64
2351 63
2352 62
2353 61
2354 60
2355 59
2356 58
2357 57
2358 56
2359 55
2360 54
2361 53
2362 52
2363 51
2364 50
2365 49
2366 48
2367 47
2368 46
2369 45
2370 44
2371 43
2372 42
2373 41
2374 40
2375 39
2376 38
2377 37
2378 36
2379 35
2380 34
2381 33
2382 32
2383 31
2384 30
2385 29
2386 28
2387 27
2388 26
2389 25
2390 24
2391 23
2392 22
2393 21
2394 20
2395 19
2396 18
2397 17
2398 16
2399 15
2400 14
2401 13
2402 12
2403 11
2404 10
2405 9
2406 8
2407 7
2408 6
2409 5
2410 4
2411 3
2412 2
2413 1
2414 0
2415 69
2416 68
2417 67
2418 66
2419 65
2420 64
2421 63
2422 62
2423 61
2424 60
2425 59
2426 58
2427 57
2428 56
2429 55
2430 54
2431 53
2432 52
2433 51
2434 50
2435 49
2436 48
2437 47
2438 46
2439 45
2440 44
2441 43
2442 42
2443 41
2444 40
2445 39
2446 38
2447 37
2448 36
2449 35
2450 34
2451 33
2452 32
2453 31
2454 30
2455 29
2456 28
2457 27
2458 26
2459 25
2460 24
2461 23
2462 22
2463 21
2464 20
2465 19
2466 18
2467 17
2468 16
2469 15
2470 14
2471 13
2472 12
2473 11
2474 10
2475 9
2476 8
2477 7
2478 6
2479 5
2480 4
2481 3
2482 2
2483 1
2484 0
2485 70
2486 69
2487 68
2488 67
2489 66
2490 65
2491 64
2492 63
2493 62
2494 61
2495 60
2496 59
2497 58
2498 57
2499 56
2500 55
2501 54
2502 53
2503 52
2504 51
2505 50
2506 49
2507 48
2508 47
2509 46
2510 45
2511 44
2512 43
2513 42
2514 41
2515 40
2516 39
2517 38
2518 37
2519 36
2520 35
2521 34
2522 33
2523 32
2524 31
2525 30
2526 29
2527 28
2528 27
2529 26
2530 25
2531 24
2532 23
2533 22
2534 21
2535 20
2536 19
2537 18
2538 17
2539 16
2540 15
2541 14
2542 13
2543 12
2544 11
2545 10
2546 9
2547 8
2548 7
2549 6
2550 5
2551 4
2552 3
2553 2
2554 1
2555 0
2556 71
2557 70
2558 69
2559 68
2560 67
2561 66
2562 65
2563 64
2564 63
2565 62
2566 61
2567 60
2568 59
2569 58
2570 57
2571 56
2572 55
2573 54
2574 53
2575 52
2576 51
2577 50
2578 49
2579 48
2580 47
2581 46
2582 45
2583 44
2584 43
2585 42
2586 41
2587 40
2588 39
2589 38
2590 37
2591 36
2592 35
2593 34
2594 33
2595 32
2596 31
2597 30
2598 29
2599 28
2600 27
2601 26
2602 25
2603 24
2604 23
2605 22
2606 21
2607 20
2608 19
2609 18
2610 17
2611 16
2612 15
2613 14
2614 13
2615 12
2616 11
2617 10
2618 9
2619 8
2620 7
2621 6
2622 5
2623 4
2624 3
2625 2
2626 1
2627 0
2628 72
2629 71
2630 70
2631 69
2632 68
2633 67
2634 66
2635 65
2636 64
2637 63
2638 62
2639 61
2640 60
2641 59
2642 58
2643 57
2644 56
2645 55
2646 54
2647 53
2648 52
2649 51
2650 50
2651 49
2652 48
2653 47
2654 46
2655 45
2656 44
2657 43
2658 42
2659 41
2660 40
2661 39
2662 38
2663 37
2664 36
2665 35
2666 34
2667 33
2668 32
2669 31
2670 30
2671 29
2672 28
2673 27
2674 26
2675 25
2676 24
2677 23
2678 22
2679 21
2680 20
2681 19
2682 18
2683 17
2684 16
2685 15
2686 14
2687 13
2688 12
2689 11
2690 10
2691 9
2692 8
2693 7
2694 6
2695 5
2696 4
2697 3
2698 2
2699 1
2700 0
2701 73
2702 72
2703 71
2704 70
2705 69
2706 68
2707 67
2708 66
2709 65
2710 64
2711 63
2712 62
2713 61
2714 60
2715 59
2716 58
2717 57
2718 56
2719 55
2720 54
2721 53
2722 52
2723 51
2724 50
2725 49
2726 48
2727 47
2728 46
2729 45
2730 44
2731 43
2732 42
2733 41
2734 40
2735 39
2736 38
2737 37
2738 36
2739 35
2740 34
2741 33
2742 32
2743 31
2744 30
2745 29
2746 28
2747 27
2748 26
2749 25
2750 24
2751 23
2752 22
2753 21
2754 20
2755 19
2756 18
2757 17
2758 16
2759 15
2760 14
2761 13
2762 12
2763 11
2764 10
2765 9
2766 8
2767 7
2768 6
2769 5
2770 4
2771 3
2772 2
2773 1
2774 0
2775 74
2776 73
2777 72
2778 71
2779 70
2780 69
2781 68
2782 67
2783 66
2784 65
2785 64
2786 63
2787 62
2788 61
2789 60
2790 59
2791 58
2792 57
2793 56
2794 55
2795 54
2796 53
2797 52
2798 51
2799 50
2800 49
2801 48
2802 47
2803 46
2804 45
2805 44
2806 43
2807 42
2808 41
2809 40
2810 39
2811 38
2812 37
2813 36
2814 35
2815 34
2816 33
2817 32
2818 31
2819 30
2820 29
2821 28
2822 27
2823 26
2824 25
2825 24
2826 23
2827 22
2828 21
2829 20
2830 19
2831 18
2832 17
2833 16
2834 15
2835 14
2836 13
2837 12
2838 11
2839 10
2840 9
2841 8
2842 7
2843 6
2844 5
2845 4
2846 3
2847 2
2848 1
2849 0
2850 75
2851 74
2852 73
2853 72
2854 71
2855 70
2856 69
2857 68
2858 67
2859 66
2860 65
2861 64
2862 63
2863 62
2864 61
2865 60
2866 59
2867 58
2868 57
2869 56
2870 55
2871 54
2872 53
2873 52
2874 51
2875 50
2876 49
2877 48
2878 47
2879 46
2880 45
2881 44
2882 43
2883 42
2884 41
2885 40
2886 39
2887 38
2888 37
2889 36
2890 35
2891 34
2892 33
2893 32
2894 31
2895 30
2896 29
2897 28
2898 27
2899 26
2900 25
2901 24
2902 23
2903 22
2904 21
2905 20
2906 19
2907 18
2908 17
2909 16
2910 15
2911 14
2912 13
2913 12
2914 11
2915 10
2916 9
2917 8
2918 7
2919 6
2920 5
2921 4
2922 3
2923 2
2924 1
2925 0
2926 76
2927 75
2928 74
2929 73
2930 72
2931 71
2932 70
2933 69
2934 68
2935 67
2936 66
2937 65
2938 64
2939 63
2940 62
2941 61
2942 60
2943 59
2944 58
2945 57
2946 56
2947 55
2948 54
2949 53
2950 52
2951 51
2952 50
2953 49
2954 48
2955 47
2956 46
2957 45
2958 44
2959 43
2960 42
2961 41
2962 40
2963 39
2964 38
2965 37
2966 36
2967 35
2968 34
2969 33
2970 32
2971 31
2972 30
2973 29
2974 28
2975 27
2976 26
2977 25
2978 24
2979 23
2980 22
2981 21
2982 20
2983 19
2984 18
2985 17
2986 16
2987 15
2988 14
2989 13
2990 12
2991 11
2992 10
2993 9
2994 8
2995 7
2996 6
2997 5
2998 4
2999 3
3000 2
3001 1
3002 0
3003 77
3004 76
3005 75
3006 74
3007 73
3008 72
3009 71
3010 70
3011 69
3012 68
3013 67
3014 66
3015 65
3016 64
3017 63
3018 62
3019 61
3020 60
3021 59
3022 58
3023 57
3024 56
3025 55
3026 54
3027 53
3028 52
3029 51
3030 50
3031 49
3032 48
3033 47
3034 46
3035 45
3036 44
3037 43
3038 42
3039 41
3040 40
3041 39
3042 38
3043 37
3044 36
3045 35
3046 34
3047 33
3048 32
3049 31
3050 30
3051 29
3052 28
3053 27
3054 26
3055 25
3056 24
3057 23
3058 22
3059 21
3060 20
3061 19
3062 18
3063 17
3064 16
3065 15
3066 14
3067 13
3068 12
3069 11
3070 10
3071 9
3072 8
3073 7
3074 6
3075 5
3076 4
3077 3
3078 2
3079 1
3080 0
3081 78
3082 77
3083 76
3084 75
3085 74
3086 73
3087 72
3088 71
3089 70
3090 69
3091 68
3092 67
3093 66
3094 65
3095 64
3096 63
3097 62
3098 61
3099 60
3100 59
3101 58
3102 57
3103 56
3104 55
3105 54
3106 53
3107 52
3108 51
3109 50
3110 49
3111 48
3112 47
3113 46
3114 45
3115 44
3116 43
3117 42
3118 41
3119 40
3120 39
3121 38
3122 37
3123 36
3124 35
3125 34
3126 33
3127 32
3128 31
3129 30
3130 29
3131 28
3132 27
3133 26
3134 25
3135 24
3136 23
3137 22
3138 21
3139 20
3140 19
3141 18
3142 17
3143 16
3144 15
3145 14
3146 13
3147 12
3148 11
3149 10
3150 9
3151 8
3152 7
3153 6
3154 5
3155 4
3156 3
3157 2
3158 1
3159 0
3160 79
3161 78
3162 77
3163 76
3164 75
3165 74
3166 73
3167 72
3168 71
3169 70
3170 69
3171 68
3172 67
3173 66
3174 65
3175 64
3176 63
3177 62
3178 61
3179 60
3180 59
3181 58
3182 57
3183 56
3184 55
3185 54
3186 53
3187 52
3188 51
3189 50
3190 49
3191 48
3192 47
3193 46
3194 45
3195 44
3196 43
3197 42
3198 41
3199 40
3200 39
3201 38
3202 37
3203 36
3204 35
3205 34
3206 33
3207 32
3208 31
3209 30
3210 29
3211 28
3212 27
3213 26
3214 25
3215 24
3216 23
3217 22
3218 21
3219 20
3220 19
3221 18
3222 17
3223 16
3224 15
3225 14
3226 13
3227 12
3228 11
3229 10
3230 9
3231 8
3232 7
3233 6
3234 5
3235 4
3236 3
3237 2
3238 1
3239 0
3240 80
3241 79
3242 78
3243 77
3244 76
3245 75
3246 74
3247 73
3248 72
3249 71
3250 70
3251 69
3252 68
3253 67
3254 66
3255 65
3256 64
3257 63
3258 62
3259 61
3260 60
3261 59
3262 58
3263 57
3264 56
3265 55
3266 54
3267 53
3268 52
3269 51
3270 50
3271 49
3272 48
3273 47
3274 46
3275 45
3276 44
3277 43
3278 42
3279 41
3280 40
3281 39
3282 38
3283 37
3284 36
3285 35
3286 34
3287 33
3288 32
3289 31
3290 30
3291 29
3292 28
3293 27
3294 26
3295 25
3296 24
3297 23
3298 22
3299 21
3300 20
3301 19
3302 18
3303 17
3304 16
3305 15
3306 14
3307 13
3308 12
3309 11
3310 10
3311 9
3312 8
3313 7
3314 6
3315 5
3316 4
3317 3
3318 2
3319 1
3320 0
3321 81
3322 80
3323 79
3324 78
3325 77
3326 76
3327 75
3328 74
3329 73
3330 72
3331 71
3332 70
3333 69
3334 68
3335 67
3336 66
3337 65
3338 64
3339 63
3340 62
3341 61
3342 60
3343 59
3344 58
3345 57
3346 56
3347 55
3348 54
3349 53
3350 52
3351 51
3352 50
3353 49
3354 48
3355 47
3356 46
3357 45
3358 44
3359 43
3360 42
3361 41
3362 40
3363 39
3364 38
3365 37
3366 36
3367 35
3368 34
3369 33
3370 32
3371 31
3372 30
3373 29
3374 28
3375 27
3376 26
3377 25
3378 24
3379 23
3380 22
3381 21
3382 20
3383 19
3384 18
3385 17
3386 16
3387 15
3388 14
3389 13
3390 12
3391 11
3392 10
3393 9
3394 8
3395 7
3396 6
3397 5
3398 4
3399 3
3400 2
3401 1
3402 0
3403 82
3404 81
3405 80
3406 79
3407 78
3408 77
3409 76
3410 75
3411 74
3412 73
3413 72
3414 71
3415 70
3416 69
3417 68
3418 67
3419 66
3420 65
3421 64
3422 63
3423 62
3424 61
3425 60
3426 59
3427 58
3428 57
3429 56
3430 55
3431 54
3432 53
3433 52
3434 51
3435 50
3436 49
3437 48
3438 47
3439 46
3440 45
3441 44
3442 43
3443 42
3444 41
3445 40
3446 39
3447 38
3448 37
3449 36
3450 35
3451 34
3452 33
3453 32
3454 31
3455 30
3456 29
3457 28
3458 27
3459 26
3460 25
3461 24
3462 23
3463 22
3464 21
3465 20
3466 19
3467 18
3468 17
3469 16
3470 15
3471 14
3472 13
3473 12
3474 11
3475 10
3476 9
3477 8
3478 7
3479 6
3480 5
3481 4
3482 3
3483 2
3484 1
3485 0
3486 83
3487 82
3488 81
3489 80
3490 79
3491 78
3492 77
3493 76
3494 75
3495 74
3496 73
3497 72
3498 71
3499 70
3500 69
3501 68
3502 67
3503 66
3504 65
3505 64
3506 63
3507 62
3508 61
3509 60
3510 59
3511 58
3512 57
3513 56
3514 55
3515 54
3516 53
3517 52
3518 51
3519 50
3520 49
3521 48
3522 47
3523 46
3524 45
3525 44
3526 43
3527 42
3528 41
3529 40
3530 39
3531 38
3532 37
3533 36
3534 35
3535 34
3536 33
3537 32
3538 31
3539 30
3540 29
3541 28
3542 27
3543 26
3544 25
3545 24
3546 23
3547 22
3548 21
3549 20
3550 19
3551 18
3552 17
3553 16
3554 15
3555 14
3556 13
3557 12
3558 11
3559 10
3560 9
3561 8
3562 7
3563 6
3564 5
3565 4
3566 3
3567 2
3568 1
3569 0
3570 84
3571 83
3572 82
3573 81
3574 80
3575 79
3576 78
3577 77
3578 76
3579 75
3580 74
3581 73
3582 72
3583 71
3584 70
3585 69
3586 68
3587 67
3588 66
3589 65
3590 64
3591 63
3592 62
3593 61
3594 60
3595 59
3596 58
3597 57
3598 56
3599 55
3600 54
3601 53
3602 52
3603 51
3604 50
3605 49
3606 48
3607 47
3608 46
3609 45
3610 44
3611 43
3612 42
3613 41
3614 40
3615 39
3616 38
3617 37
3618 36
3619 35
3620 34
3621 33
3622 32
3623 31
3624 30
3625 29
3626 28
3627 27
3628 26
3629 25
3630 24
3631 23
3632 22
3633 21
3634 20
3635 19
3636 18
3637 17
3638 16
3639 15
3640 14
3641 13
3642 12
3643 11
3644 10
3645 9
3646 8
3647 7
3648 6
3649 5
3650 4
3651 3
3652 2
3653 1
3654 0
3655 85
3656 84
3657 83
3658 82
3659 81
3660 80
3661 79
3662 78
3663 77
3664 76
3665 75
3666 74
3667 73
3668 72
3669 71
3670 70
3671 69
3672 68
3673 67
3674 66
3675 65
3676 64
3677 63
3678 62
3679 61
3680 60
3681 59
3682 58
3683 57
3684 56
3685 55
3686 54
3687 53
3688 52
3689 51
3690 50
3691 49
3692 48
3693 47
3694 46
3695 45
3696 44
3697 43
3698 42
3699 41
3700 40
3701 39
3702 38
3703 37
3704 36
3705 35
3706 34
3707 33
3708 32
3709 31
3710 30
3711 29
3712 28
3713 27
3714 26
3715 25
3716 24
3717 23
3718 22
3719 21
3720 20
3721 19
3722 18
3723 17
3724 16
3725 15
3726 14
3727 13
3728 12
3729 11
3730 10
3731 9
3732 8
3733 7
3734 6
3735 5
3736 4
3737 3
3738 2
3739 1
3740 0
3741 86
3742 85
3743 84
3744 83
3745 82
3746 81
3747 80
3748 79
3749 78
3750 77
3751 76
3752 75
3753 74
3754 73
3755 72
3756 71
3757 70
3758 69
3759 68
3760 67
3761 66
3762 65
3763 64
3764 63
3765 62
3766 61
3767 60
3768 59
3769 58
3770 57
3771 56
3772 55
3773 54
3774 53
3775 52
3776 51
3777 50
3778 49
3779 48
3780 47
3781 46
3782 45
3783 44
3784 43
3785 42
3786 41
3787 40
3788 39
3789 38
3790 37
3791 36
3792 35
3793 34
3794 33
3795 32
3796 31
3797 30
3798 29
3799 28
3800 27
3801 26
3802 25
3803 24
3804 23
3805 22
3806 21
3807 20
3808 19
3809 18
3810 17
3811 16
3812 15
3813 14
3814 13
3815 12
3816 11
3817 10
3818 9
3819 8
3820 7
3821 6
3822 5
3823 4
3824 3
3825 2
3826 1
3827 0
3828 87
3829 86
3830 85
3831 84
3832 83
3833 82
3834 81
3835 80
3836 79
3837 78
3838 77
3839 76
3840 75
3841 74
3842 73
3843 72
3844 71
3845 70
3846 69
3847 68
3848 67
3849 66
3850 65
3851 64
3852 63
3853 62
3854 61
3855 60
3856 59
3857 58
3858 57
3859 56
3860 55
3861 54
3862 53
3863 52
3864 51
3865 50
3866 49
3867 48
3868 47
3869 46
3870 45
3871 44
3872 43
3873 42
3874 41
3875 40
3876 39
3877 38
3878 37
3879 36
3880 35
3881 34
3882 33
3883 32
3884 31
3885 30
3886 29
3887 28
3888 27
3889 26
3890 25
3891 24
3892 23
3893 22
3894 21
3895 20
3896 19
3897 18
3898 17
3899 16
3900 15
3901 14
3902 13
3903 12
3904 11
3905 10
3906 9
3907 8
3908 7
3909 6
3910 5
3911 4
3912 3
3913 2
3914 1
3915 0
3916 88
3917 87
3918 86
3919 85
3920 84
3921 83
3922 82
3923 81
3924 80
3925 79
3926 78
3927 77
3928 76
3929 75
3930 74
3931 73
3932 72
3933 71
3934 70
3935 69
3936 68
3937 67
3938 66
3939 65
3940 64
3941 63
3942 62
3943 61
3944 60
3945 59
3946 58
3947 57
3948 56
3949 55
3950 54
3951 53
3952 52
3953 51
3954 50
3955 49
3956 48
3957 47
3958 46
3959 45
3960 44
3961 43
3962 42
3963 41
3964 40
3965 39
3966 38
3967 37
3968 36
3969 35
3970 34
3971 33
3972 32
3973 31
3974 30
3975 29
3976 28
3977 27
3978 26
3979 25
3980 24
3981 23
3982 22
3983 21
3984 20
3985 19
3986 18
3987 17
3988 16
3989 15
3990 14
3991 13
3992 12
3993 11
3994 10
3995 9
3996 8
3997 7
3998 6
3999 5
4000 4
4001 3
4002 2
4003 1
4004 0
4005 89
4006 88
4007 87
4008 86
4009 85
4010 84
4011 83
4012 82
4013 81
4014 80
4015 79
4016 78
4017 77
4018 76
4019 75
4020 74
4021 73
4022 72
4023 71
4024 70
4025 69
4026 68
4027 67
4028 66
4029 65
4030 64
4031 63
4032 62
4033 61
4034 60
4035 59
4036 58
4037 57
4038 56
4039 55
4040 54
4041 53
4042 52
4043 51
4044 50
4045 49
4046 48
4047 47
4048 46
4049 45
4050 44
4051 43
4052 42
4053 41
4054 40
4055 39
4056 38
4057 37
4058 36
4059 35
4060 34
4061 33
4062 32
4063 31
4064 30
4065 29
4066 28
4067 27
4068 26
4069 25
4070 24
4071 23
4072 22
4073 21
4074 20
4075 19
4076 18
4077 17
4078 16
4079 15
4080 14
4081 13
4082 12
4083 11
4084 10
4085 9
4086 8
4087 7
4088 6
4089 5
4090 4
4091 3
4092 2
4093 1
4094 0
4095 90
4096 89
4097 88
4098 87
4099 86
4100 85
4101 84
4102 83
4103 82
4104 81
4105 80
4106 79
4107 78
4108 77
4109 76
4110 75
4111 74
4112 73
4113 72
4114 71
4115 70
4116 69
4117 68
4118 67
4119 66
4120 65
4121 64
4122 63
4123 62
4124 61
4125 60
4126 59
4127 58
4128 57
4129 56
4130 55
4131 54
4132 53
4133 52
4134 51
4135 50
4136 49
4137 48
4138 47
4139 46
4140 45
4141 44
4142 43
4143 42
4144 41
4145 40
4146 39
4147 38
4148 37
4149 36
4150 35
4151 34
4152 33
4153 32
4154 31
4155 30
4156 29
4157 28
4158 27
4159 26
4160 25
4161 24
4162 23
4163 22
4164 21
4165 20
4166 19
4167 18
4168 17
4169 16
4170 15
4171 14
4172 13
4173 12
4174 11
4175 10
4176 9
4177 8
4178 7
4179 6
4180 5
4181 4
4182 3
4183 2
4184 1
4185 0
4186 91
4187 90
4188 89
4189 88
4190 87
4191 86
4192 85
4193 84
4194 83
4195 82
4196 81
4197 80
4198 79
4199 78
4200 77
4201 76
4202 75
4203 74
4204 73
4205 72
4206 71
4207 70
4208 69
4209 68
4210 67
4211 66
4212 65
4213 64
4214 63
4215 62
4216 61
4217 60
4218 59
4219 58
4220 57
4221 56
4222 55
4223 54
4224 53
4225 52
4226 51
4227 50
4228 49
4229 48
4230 47
4231 46
4232 45
4233 44
4234 43
4235 42
4236 41
4237 40
4238 39
4239 38
4240 37
4241 36
4242 35
4243 34
4244 33
4245 32
4246 31
4247 30
4248 29
4249 28
4250 27
4251 26
4252 25
4253 24
4254 23
4255 22
4256 21
4257 20
4258 19
4259 18
4260 17
4261 16
4262 15
4263 14
4264 13
4265 12
4266 11
4267 10
4268 9
4269 8
4270 7
4271 6
4272 5
4273 4
4274 3
4275 2
4276 1
4277 0
4278 92
4279 91
4280 90
4281 89
4282 88
4283 87
4284 86
4285 85
4286 84
4287 83
4288 82
4289 81
4290 80
4291 79
4292 78
4293 77
4294 76
4295 75
4296 74
4297 73
4298 72
4299 71
4300 70
4301 69
4302 68
4303 67
4304 66
4305 65
4306 64
4307 63
4308 62
4309 61
4310 60
4311 59
4312 58
4313 57
4314 56
4315 55
4316 54
4317 53
4318 52
4319 51
4320 50
4321 49
4322 48
4323 47
4324 46
4325 45
4326 44
4327 43
4328 42
4329 41
4330 40
4331 39
4332 38
4333 37
4334 36
4335 35
4336 34
4337 33
4338 32
4339 31
4340 30
4341 29
4342 28
4343 27
4344 26
4345 25
4346 24
4347 23
4348 22
4349 21
4350 20
4351 19
4352 18
4353 17
4354 16
4355 15
4356 14
4357 13
4358 12
4359 11
4360 10
4361 9
4362 8
4363 7
4364 6
4365 5
4366 4
4367 3
4368 2
4369 1
4370 0
4371 93
4372 92
4373 91
4374 90
4375 89
4376 88
4377 87
4378 86
4379 85
4380 84
4381 83
4382 82
4383 81
4384 80
4385 79
4386 78
4387 77
4388 76
4389 75
4390 74
4391 73
4392 72
4393 71
4394 70
4395 69
4396 68
4397 67
4398 66
4399 65
4400 64
4401 63
4402 62
4403 61
4404 60
4405 59
4406 58
4407 57
4408 56
4409 55
4410 54
4411 53
4412 52
4413 51
4414 50
4415 49
4416 48
4417 47
4418 46
4419 45
4420 44
4421 43
4422 42
4423 41
4424 40
4425 39
4426 38
4427 37
4428 36
4429 35
4430 34
4431 33
4432 32
4433 31
4434 30
4435 29
4436 28
4437 27
4438 26
4439 25
4440 24
4441 23
4442 22
4443 21
4444 20
4445 19
4446 18
4447 17
4448 16
4449 15
4450 14
4451 13
4452 12
4453 11
4454 10
4455 9
4456 8
4457 7
4458 6
4459 5
4460 4
4461 3
4462 2
4463 1
4464 0
4465 94
4466 93
4467 92
4468 91
4469 90
4470 89
4471 88
4472 87
4473 86
4474 85
4475 84
4476 83
4477 82
4478 81
4479 80
4480 79
4481 78
4482 77
4483 76
4484 75
4485 74
4486 73
4487 72
4488 71
4489 70
4490 69
4491 68
4492 67
4493 66
4494 65
4495 64
4496 63
4497 62
4498 61
4499 60
4500 59
4501 58
4502 57
4503 56
4504 55
4505 54
4506 53
4507 52
4508 51
4509 50
4510 49
4511 48
4512 47
4513 46
4514 45
4515 44
4516 43
4517 42
4518 41
4519 40
4520 39
4521 38
4522 37
4523 36
4524 35
4525 34
4526 33
4527 32
4528 31
4529 30
4530 29
4531 28
4532 27
4533 26
4534 25
4535 24
4536 23
4537 22
4538 21
4539 20
4540 19
4541 18
4542 17
4543 16
4544 15
4545 14
4546 13
4547 12
4548 11
4549 10
4550 9
4551 8
4552 7
4553 6
4554 5
4555 4
4556 3
4557 2
4558 1
4559 0
4560 95
4561 94
4562 93
4563 92
4564 91
4565 90
4566 89
4567 88
4568 87
4569 86
4570 85
4571 84
4572 83
4573 82
4574 81
4575 80
4576 79
4577 78
4578 77
4579 76
4580 75
4581 74
4582 73
4583 72
4584 71
4585 70
4586 69
4587 68
4588 67
4589 66
4590 65
4591 64
4592 63
4593 62
4594 61
4595 60
4596 59
4597 58
4598 57
4599 56
4600 55
4601 54
4602 53
4603 52
4604 51
4605 50
4606 49
4607 48
4608 47
4609 46
4610 45
4611 44
4612 43
4613 42
4614 41
4615 40
4616 39
4617 38
4618 37
4619 36
4620 35
4621 34
4622 33
4623 32
4624 31
4625 30
4626 29
4627 28
4628 27
4629 26
4630 25
4631 24
4632 23
4633 22
4634 21
4635 20
4636 19
4637 18
4638 17
4639 16
4640 15
4641 14
4642 13
4643 12
4644 11
4645 10
4646 9
4647 8
4648 7
4649 6
4650 5
4651 4
4652 3
4653 2
4654 1
4655 0
4656 96
4657 95
4658 94
4659 93
4660 92
4661 91
4662 90
4663 89
4664 88
4665 87
4666 86
4667 85
4668 84
4669 83
4670 82
4671 81
4672 80
4673 79
4674 78
4675 77
4676 76
4677 75
4678 74
4679 73
4680 72
4681 71
4682 70
4683 69
4684 68
4685 67
4686 66
4687 65
4688 64
4689 63
4690 62
4691 61
4692 60
4693 59
4694 58
4695 57
4696 56
4697 55
4698 54
4699 53
4700 52
4701 51
4702 50
4703 49
4704 48
4705 47
4706 46
4707 45
4708 44
4709 43
4710 42
4711 41
4712 40
4713 39
4714 38
4715 37
4716 36
4717 35
4718 34
4719 33
4720 32
4721 31
4722 30
4723 29
4724 28
4725 27
4726 26
4727 25
4728 24
4729 23
4730 22
4731 21
4732 20
4733 19
4734 18
4735 17
4736 16
4737 15
4738 14
4739 13
4740 12
4741 11
4742 10
4743 9
4744 8
4745 7
4746 6
4747 5
4748 4
4749 3
4750 2
4751 1
4752 0
4753 97
4754 96
4755 95
4756 94
4757 93
4758 92
4759 91
4760 90
4761 89
4762 88
4763 87
4764 86
4765 85
4766 84
4767 83
4768 82
4769 81
4770 80
4771 79
4772 78
4773 77
4774 76
4775 75
4776 74
4777 73
4778 72
4779 71
4780 70
4781 69
4782 68
4783 67
4784 66
4785 65
4786 64
4787 63
4788 62
4789 61
4790 60
4791 59
4792 58
4793 57
4794 56
4795 55
4796 54
4797 53
4798 52
4799 51
4800 50
4801 49
4802 48
4803 47
4804 46
4805 45
4806 44
4807 43
4808 42
4809 41
4810 40
4811 39
4812 38
4813 37
4814 36
4815 35
4816 34
4817 33
4818 32
4819 31
4820 30
4821 29
4822 28
4823 27
4824 26
4825 25
4826 24
4827 23
4828 22
4829 21
4830 20
4831 19
4832 18
4833 17
4834 16
4835 15
4836 14
4837 13
4838 12
4839 11
4840 10
4841 9
4842 8
4843 7
4844 6
4845 5
4846 4
4847 3
4848 2
4849 1
4850 0
4851 98
4852 97
4853 96
4854 95
4855 94
4856 93
4857 92
4858 91
4859 90
4860 89
4861 88
4862 87
4863 86
4864 85
4865 84
4866 83
4867 82
4868 81
4869 80
4870 79
4871 78
4872 77
4873 76
4874 75
4875 74
4876 73
4877 72
4878 71
4879 70
4880 69
4881 68
4882 67
4883 66
4884 65
4885 64
4886 63
4887 62
4888 61
4889 60
4890 59
4891 58
4892 57
4893 56
4894 55
4895 54
4896 53
4897 52
4898 51
4899 50
4900 49
4901 48
4902 47
4903 46
4904 45
4905 44
4906 43
4907 42
4908 41
4909 40
4910 39
4911 38
4912 37
4913 36
4914 35
4915 34
4916 33
4917 32
4918 31
4919 30
4920 29
4921 28
4922 27
4923 26
4924 25
4925 24
4926 23
4927 22
4928 21
4929 20
4930 19
4931 18
4932 17
4933 16
4934 15
4935 14
4936 13
4937 12
4938 11
4939 10
4940 9
4941 8
4942 7
4943 6
4944 5
4945 4
4946 3
4947 2
4948 1
4949 0
4950 99
4951 98
4952 97
4953 96
4954 95
4955 94
4956 93
4957 92
4958 91
4959 90
4960 89
4961 88
4962 87
4963 86
4964 85
4965 84
4966 83
4967 82
4968 81
4969 80
4970 79
4971 78
4972 77
4973 76
4974 75
4975 74
4976 73
4977 72
4978 71
4979 70
4980 69
4981 68
4982 67
4983 66
4984 65
4985 64
4986 63
4987 62
4988 61
4989 60
4990 59
4991 58
4992 57
4993 56
4994 55
4995 54
4996 53
4997 52
4998 51
4999 50
5000 49
5001 48
5002 47
5003 46
5004 45
5005 44
5006 43
5007 42
5008 41
5009 40
5010 39
5011 38
5012 37
5013 36
5014 35
5015 34
5016 33
5017 32
5018 31
5019 30
5020 29
5021 28
5022 27
5023 26
5024 25
5025 24
5026 23
5027 22
5028 21
5029 20
5030 19
5031 18
5032 17
5033 16
5034 15
5035 14
5036 13
5037 12
5038 11
5039 10
5040 9
5041 8
5042 7
5043 6
5044 5
5045 4
5046 3
5047 2
5048 1
5049 0
