1 1
2 1
3 1
4 2
5 1
6 1
7 1
8 2
9 3
10 1
11 1
12 2
13 1
14 1
15 1
16 4
17 1
18 3
19 1
20 2
21 1
22 1
23 1
24 2
25 5
26 1
27 3
28 2
29 1
30 1
31 1
32 4
33 1
34 1
35 1
36 6
37 1
38 1
39 1
40 2
41 1
42 1
43 1
44 2
45 3
46 1
47 1
48 4
49 7
50 5
51 1
52 2
53 1
54 3
55 1
56 2
57 1
58 1
59 1
60 2
61 1
62 1
63 3
64 8
65 1
66 1
67 1
68 2
69 1
70 1
71 1
72 6
73 1
74 1
75 5
76 2
77 1
78 1
79 1
80 4
81 9
82 1
83 1
84 2
85 1
86 1
87 1
88 2
89 1
90 3
91 1
92 2
93 1
94 1
95 1
96 4
97 1
98 7
99 3
100 10
101 1
102 1
103 1
104 2
105 1
106 1
107 1
108 6
109 1
110 1
111 1
112 4
113 1
114 1
115 1
116 2
117 3
118 1
119 1
120 2
121 11
122 1
123 1
124 2
125 5
126 3
127 1
128 8
129 1
130 1
131 1
132 2
133 1
134 1
135 3
136 2
137 1
138 1
139 1
140 2
141 1
142 1
143 1
144 12
145 1
146 1
147 7
148 2
149 1
150 5
151 1
152 2
153 3
154 1
155 1
156 2
157 1
158 1
159 1
160 4
161 1
162 9
163 1
164 2
165 1
166 1
167 1
168 2
169 13
170 1
171 3
172 2
173 1
174 1
175 5
176 4
177 1
178 1
179 1
180 6
181 1
182 1
183 1
184 2
185 1
186 1
187 1
188 2
189 3
190 1
191 1
192 8
193 1
194 1
195 1
196 14
197 1
198 3
199 1
200 10
201 1
202 1
203 1
204 2
205 1
206 1
207 3
208 4
209 1
210 1
211 1
212 2
213 1
214 1
215 1
216 6
217 1
218 1
219 1
220 2
221 1
222 1
223 1
224 4
225 15
226 1
227 1
228 2
229 1
230 1
231 1
232 2
233 1
234 3
235 1
236 2
237 1
238 1
239 1
240 4
241 1
242 11
243 9
244 2
245 7
246 1
247 1
248 2
249 1
250 5
251 1
252 6
253 1
254 1
255 1
256 16
257 1
258 1
259 1
260 2
261 3
262 1
263 1
264 2
265 1
266 1
267 1
268 2
269 1
270 3
271 1
272 4
273 1
274 1
275 5
276 2
277 1
278 1
279 3
280 2
281 1
282 1
283 1
284 2
285 1
286 1
287 1
288 12
289 17
290 1
291 1
292 2
293 1
294 7
295 1
296 2
297 3
298 1
299 1
300 10
301 1
302 1
303 1
304 4
305 1
306 3
307 1
308 2
309 1
310 1
311 1
312 2
313 1
314 1
315 3
316 2
317 1
318 1
319 1
320 8
321 1
322 1
323 1
324 18
325 5
326 1
327 1
328 2
329 1
330 1
331 1
332 2
333 3
334 1
335 1
336 4
337 1
338 13
339 1
340 2
341 1
342 3
343 7
344 2
345 1
346 1
347 1
348 2
349 1
350 5
351 3
352 4
353 1
354 1
355 1
356 2
357 1
358 1
359 1
360 6
361 19
362 1
363 11
364 2
365 1
366 1
367 1
368 4
369 3
370 1
371 1
372 2
373 1
374 1
375 5
376 2
377 1
378 3
379 1
380 2
381 1
382 1
383 1
384 8
385 1
386 1
387 3
388 2
389 1
390 1
391 1
392 14
393 1
394 1
395 1
396 6
397 1
398 1
399 1
400 20
401 1
402 1
403 1
404 2
405 9
406 1
407 1
408 2
409 1
410 1
411 1
412 2
413 1
414 3
415 1
416 4
417 1
418 1
419 1
420 2
421 1
422 1
423 3
424 2
425 5
426 1
427 1
428 2
429 1
430 1
431 1
432 12
433 1
434 1
435 1
436 2
437 1
438 1
439 1
440 2
441 21
442 1
443 1
444 2
445 1
446 1
447 1
448 8
449 1
450 15
451 1
452 2
453 1
454 1
455 1
456 2
457 1
458 1
459 3
460 2
461 1
462 1
463 1
464 4
465 1
466 1
467 1
468 6
469 1
470 1
471 1
472 2
473 1
474 1
475 5
476 2
477 3
478 1
479 1
480 4
481 1
482 1
483 1
484 22
485 1
486 9
487 1
488 2
489 1
490 7
491 1
492 2
493 1
494 1
495 3
496 4
497 1
498 1
499 1
500 10
501 1
502 1
503 1
504 6
505 1
506 1
507 13
508 2
509 1
510 1
511 1
512 16
513 3
514 1
515 1
516 2
517 1
518 1
519 1
520 2
521 1
522 3
523 1
524 2
525 5
526 1
527 1
528 4
529 23
530 1
531 3
532 2
533 1
534 1
535 1
536 2
537 1
538 1
539 7
540 6
541 1
542 1
543 1
544 4
545 1
546 1
547 1
548 2
549 3
550 5
551 1
552 2
553 1
554 1
555 1
556 2
557 1
558 3
559 1
560 4
561 1
562 1
563 1
564 2
565 1
566 1
567 9
568 2
569 1
570 1
571 1
572 2
573 1
574 1
575 5
576 24
577 1
578 17
579 1
580 2
581 1
582 1
583 1
584 2
585 3
586 1
587 1
588 14
589 1
590 1
591 1
592 4
593 1
594 3
595 1
596 2
597 1
598 1
599 1
600 10
601 1
602 1
603 3
604 2
605 11
606 1
607 1
608 4
609 1
610 1
611 1
612 6
613 1
614 1
615 1
616 2
617 1
618 1
619 1
620 2
621 3
622 1
623 1
624 4
625 25
626 1
627 1
628 2
629 1
630 3
631 1
632 2
633 1
634 1
635 1
636 2
637 7
638 1
639 3
640 8
641 1
642 1
643 1
644 2
645 1
646 1
647 1
648 18
649 1
650 5
651 1
652 2
653 1
654 1
655 1
656 4
657 3
658 1
659 1
660 2
661 1
662 1
663 1
664 2
665 1
666 3
667 1
668 2
669 1
670 1
671 1
672 4
673 1
674 1
675 15
676 26
677 1
678 1
679 1
680 2
681 1
682 1
683 1
684 6
685 1
686 7
687 1
688 4
689 1
690 1
691 1
692 2
693 3
694 1
695 1
696 2
697 1
698 1
699 1
700 10
701 1
702 3
703 1
704 8
705 1
706 1
707 1
708 2
709 1
710 1
711 3
712 2
713 1
714 1
715 1
716 2
717 1
718 1
719 1
720 12
721 1
722 19
723 1
724 2
725 5
726 11
727 1
728 2
729 27
730 1
731 1
732 2
733 1
734 1
735 7
736 4
737 1
738 3
739 1
740 2
741 1
742 1
743 1
744 2
745 1
746 1
747 3
748 2
749 1
750 5
751 1
752 4
753 1
754 1
755 1
756 6
757 1
758 1
759 1
760 2
761 1
762 1
763 1
764 2
765 3
766 1
767 1
768 16
769 1
770 1
771 1
772 2
773 1
774 3
775 5
776 2
777 1
778 1
779 1
780 2
781 1
782 1
783 3
784 28
785 1
786 1
787 1
788 2
789 1
790 1
791 1
792 6
793 1
794 1
795 1
796 2
797 1
798 1
799 1
800 20
801 3
802 1
803 1
804 2
805 1
806 1
807 1
808 2
809 1
810 9
811 1
812 2
813 1
814 1
815 1
816 4
817 1
818 1
819 3
820 2
821 1
822 1
823 1
824 2
825 5
826 1
827 1
828 6
829 1
830 1
831 1
832 8
833 7
834 1
835 1
836 2
837 3
838 1
839 1
840 2
841 29
842 1
843 1
844 2
845 13
846 3
847 11
848 4
849 1
850 5
851 1
852 2
853 1
854 1
855 3
856 2
857 1
858 1
859 1
860 2
861 1
862 1
863 1
864 12
865 1
866 1
867 17
868 2
869 1
870 1
871 1
872 2
873 3
874 1
875 5
876 2
877 1
878 1
879 1
880 4
881 1
882 21
883 1
884 2
885 1
886 1
887 1
888 2
889 1
890 1
891 9
892 2
893 1
894 1
895 1
896 8
897 1
898 1
899 1
900 30
901 1
902 1
903 1
904 2
905 1
906 1
907 1
908 2
909 3
910 1
911 1
912 4
913 1
914 1
915 1
916 2
917 1
918 3
919 1
920 2
921 1
922 1
923 1
924 2
925 5
926 1
927 3
928 4
929 1
930 1
931 7
932 2
933 1
934 1
935 1
936 6
937 1
938 1
939 1
940 2
941 1
942 1
943 1
944 4
945 3
946 1
947 1
948 2
949 1
950 5
951 1
952 2
953 1
954 3
955 1
956 2
957 1
958 1
959 1
960 8
961 31
962 1
963 3
964 2
965 1
966 1
967 1
968 22
969 1
970 1
971 1
972 18
973 1
974 1
975 5
976 4
977 1
978 1
979 1
980 14
981 3
982 1
983 1
984 2
985 1
986 1
987 1
988 2
989 1
990 3
991 1
992 4
993 1
994 1
995 1
996 2
997 1
998 1
999 3
1000 10
1001 1
1002 1
1003 1
1004 2
1005 1
1006 1
1007 1
1008 12
1009 1
1010 1
1011 1
1012 2
1013 1
1014 13
1015 1
1016 2
1017 3
1018 1
1019 1
1020 2
1021 1
1022 1
1023 1
1024 32
1025 5
1026 3
1027 1
1028 2
1029 7
1030 1
1031 1
1032 2
1033 1
1034 1
1035 3
1036 2
1037 1
1038 1
1039 1
1040 4
1041 1
1042 1
1043 1
1044 6
1045 1
1046 1
1047 1
1048 2
1049 1
1050 5
1051 1
1052 2
1053 9
1054 1
1055 1
1056 4
1057 1
1058 23
1059 1
1060 2
1061 1
1062 3
1063 1
1064 2
1065 1
1066 1
1067 1
1068 2
1069 1
1070 1
1071 3
1072 4
1073 1
1074 1
1075 5
1076 2
1077 1
1078 7
1079 1
1080 6
1081 1
1082 1
1083 19
1084 2
1085 1
1086 1
1087 1
1088 8
1089 33
1090 1
1091 1
1092 2
1093 1
1094 1
1095 1
1096 2
1097 1
1098 3
1099 1
1100 10
1101 1
1102 1
1103 1
1104 4
1105 1
1106 1
1107 3
1108 2
1109 1
1110 1
1111 1
1112 2
1113 1
1114 1
1115 1
1116 6
1117 1
1118 1
1119 1
1120 4
1121 1
1122 1
1123 1
1124 2
1125 15
1126 1
1127 7
1128 2
1129 1
1130 1
1131 1
1132 2
1133 1
1134 9
1135 1
1136 4
1137 1
1138 1
1139 1
1140 2
1141 1
1142 1
1143 3
1144 2
1145 1
1146 1
1147 1
1148 2
1149 1
1150 5
1151 1
1152 24
1153 1
1154 1
1155 1
1156 34
1157 1
1158 1
1159 1
1160 2
1161 3
1162 1
1163 1
1164 2
1165 1
1166 1
1167 1
1168 4
1169 1
1170 3
1171 1
1172 2
1173 1
1174 1
1175 5
1176 14
1177 1
1178 1
1179 3
1180 2
1181 1
1182 1
1183 13
1184 4
1185 1
1186 1
1187 1
1188 6
1189 1
1190 1
1191 1
1192 2
1193 1
1194 1
1195 1
1196 2
1197 3
1198 1
1199 1
1200 20
1201 1
1202 1
1203 1
1204 2
1205 1
1206 3
1207 1
1208 2
1209 1
1210 11
1211 1
1212 2
1213 1
1214 1
1215 9
1216 8
1217 1
1218 1
1219 1
1220 2
1221 1
1222 1
1223 1
1224 6
1225 35
1226 1
1227 1
1228 2
1229 1
1230 1
1231 1
1232 4
1233 3
1234 1
1235 1
1236 2
1237 1
1238 1
1239 1
1240 2
1241 1
1242 3
1243 1
1244 2
1245 1
1246 1
1247 1
1248 4
1249 1
1250 25
1251 3
1252 2
1253 1
1254 1
1255 1
1256 2
1257 1
1258 1
1259 1
1260 6
1261 1
1262 1
1263 1
1264 4
1265 1
1266 1
1267 1
1268 2
1269 3
1270 1
1271 1
1272 2
1273 1
1274 7
1275 5
1276 2
1277 1
1278 3
1279 1
1280 16
1281 1
1282 1
1283 1
1284 2
1285 1
1286 1
1287 3
1288 2
1289 1
1290 1
1291 1
1292 2
1293 1
1294 1
1295 1
1296 36
1297 1
1298 1
1299 1
1300 10
1301 1
1302 1
1303 1
1304 2
1305 3
1306 1
1307 1
1308 2
1309 1
1310 1
1311 1
1312 4
1313 1
1314 3
1315 1
1316 2
1317 1
1318 1
1319 1
1320 2
1321 1
1322 1
1323 21
1324 2
1325 5
1326 1
1327 1
1328 4
1329 1
1330 1
1331 11
1332 6
1333 1
1334 1
1335 1
1336 2
1337 1
1338 1
1339 1
1340 2
1341 3
1342 1
1343 1
1344 8
1345 1
1346 1
1347 1
1348 2
1349 1
1350 15
1351 1
1352 26
1353 1
1354 1
1355 1
1356 2
1357 1
1358 1
1359 3
1360 4
1361 1
1362 1
1363 1
1364 2
1365 1
1366 1
1367 1
1368 6
1369 37
1370 1
1371 1
1372 14
1373 1
1374 1
1375 5
1376 4
1377 9
1378 1
1379 1
1380 2
1381 1
1382 1
1383 1
1384 2
1385 1
1386 3
1387 1
1388 2
1389 1
1390 1
1391 1
1392 4
1393 1
1394 1
1395 3
1396 2
1397 1
1398 1
1399 1
1400 10
1401 1
1402 1
1403 1
1404 6
1405 1
1406 1
1407 1
1408 8
1409 1
1410 1
1411 1
1412 2
1413 3
1414 1
1415 1
1416 2
1417 1
1418 1
1419 1
1420 2
1421 7
1422 3
1423 1
1424 4
1425 5
1426 1
1427 1
1428 2
1429 1
1430 1
1431 3
1432 2
1433 1
1434 1
1435 1
1436 2
1437 1
1438 1
1439 1
1440 12
1441 1
1442 1
1443 1
1444 38
1445 17
1446 1
1447 1
1448 2
1449 3
1450 5
1451 1
1452 22
1453 1
1454 1
1455 1
1456 4
1457 1
1458 27
1459 1
1460 2
1461 1
1462 1
1463 1
1464 2
1465 1
1466 1
1467 3
1468 2
1469 1
1470 7
1471 1
1472 8
1473 1
1474 1
1475 5
1476 6
1477 1
1478 1
1479 1
1480 2
1481 1
1482 1
1483 1
1484 2
1485 3
1486 1
1487 1
1488 4
1489 1
1490 1
1491 1
1492 2
1493 1
1494 3
1495 1
1496 2
1497 1
1498 1
1499 1
1500 10
1501 1
1502 1
1503 3
1504 4
1505 1
1506 1
1507 1
1508 2
1509 1
1510 1
1511 1
1512 6
1513 1
1514 1
1515 1
1516 2
1517 1
1518 1
1519 7
1520 4
1521 39
1522 1
1523 1
1524 2
1525 5
1526 1
1527 1
1528 2
1529 1
1530 3
1531 1
1532 2
1533 1
1534 1
1535 1
1536 16
1537 1
1538 1
1539 9
1540 2
1541 1
1542 1
1543 1
1544 2
1545 1
1546 1
1547 1
1548 6
1549 1
1550 5
1551 1
1552 4
1553 1
1554 1
1555 1
1556 2
1557 3
1558 1
1559 1
1560 2
1561 1
1562 1
1563 1
1564 2
1565 1
1566 3
1567 1
1568 28
1569 1
1570 1
1571 1
1572 2
1573 11
1574 1
1575 15
1576 2
1577 1
1578 1
1579 1
1580 2
1581 1
1582 1
1583 1
1584 12
1585 1
1586 1
1587 23
1588 2
1589 1
1590 1
1591 1
1592 2
1593 3
1594 1
1595 1
1596 2
1597 1
1598 1
1599 1
1600 40
1601 1
1602 3
1603 1
1604 2
1605 1
1606 1
1607 1
1608 2
1609 1
1610 1
1611 3
1612 2
1613 1
1614 1
1615 1
1616 4
1617 7
1618 1
1619 1
1620 18
1621 1
1622 1
1623 1
1624 2
1625 5
1626 1
1627 1
1628 2
1629 3
1630 1
1631 1
1632 4
1633 1
1634 1
1635 1
1636 2
1637 1
1638 3
1639 1
1640 2
1641 1
1642 1
1643 1
1644 2
1645 1
1646 1
1647 3
1648 4
1649 1
1650 5
1651 1
1652 2
1653 1
1654 1
1655 1
1656 6
1657 1
1658 1
1659 1
1660 2
1661 1
1662 1
1663 1
1664 8
1665 3
1666 7
1667 1
1668 2
1669 1
1670 1
1671 1
1672 2
1673 1
1674 3
1675 5
1676 2
1677 1
1678 1
1679 1
1680 4
1681 41
1682 29
1683 3
1684 2
1685 1
1686 1
1687 1
1688 2
1689 1
1690 13
1691 1
1692 6
1693 1
1694 11
1695 1
1696 4
1697 1
1698 1
1699 1
1700 10
1701 9
1702 1
1703 1
1704 2
1705 1
1706 1
1707 1
1708 2
1709 1
1710 3
1711 1
1712 4
1713 1
1714 1
1715 7
1716 2
1717 1
1718 1
1719 3
1720 2
1721 1
1722 1
1723 1
1724 2
1725 5
1726 1
1727 1
1728 24
1729 1
1730 1
1731 1
1732 2
1733 1
1734 17
1735 1
1736 2
1737 3
1738 1
1739 1
1740 2
1741 1
1742 1
1743 1
1744 4
1745 1
1746 3
1747 1
1748 2
1749 1
1750 5
1751 1
1752 2
1753 1
1754 1
1755 3
1756 2
1757 1
1758 1
1759 1
1760 4
1761 1
1762 1
1763 1
1764 42
1765 1
1766 1
1767 1
1768 2
1769 1
1770 1
1771 1
1772 2
1773 3
1774 1
1775 5
1776 4
1777 1
1778 1
1779 1
1780 2
1781 1
1782 9
1783 1
1784 2
1785 1
1786 1
1787 1
1788 2
1789 1
1790 1
1791 3
1792 16
1793 1
1794 1
1795 1
1796 2
1797 1
1798 1
1799 1
1800 30
1801 1
1802 1
1803 1
1804 2
1805 19
1806 1
1807 1
1808 4
1809 3
1810 1
1811 1
1812 2
1813 7
1814 1
1815 11
1816 2
1817 1
1818 3
1819 1
1820 2
1821 1
1822 1
1823 1
1824 4
1825 5
1826 1
1827 3
1828 2
1829 1
1830 1
1831 1
1832 2
1833 1
1834 1
1835 1
1836 6
1837 1
1838 1
1839 1
1840 4
1841 1
1842 1
1843 1
1844 2
1845 3
1846 1
1847 1
1848 2
1849 43
1850 5
1851 1
1852 2
1853 1
1854 3
1855 1
1856 8
1857 1
1858 1
1859 13
1860 2
1861 1
1862 7
1863 9
1864 2
1865 1
1866 1
1867 1
1868 2
1869 1
1870 1
1871 1
1872 12
1873 1
1874 1
1875 25
1876 2
1877 1
1878 1
1879 1
1880 2
1881 3
1882 1
1883 1
1884 2
1885 1
1886 1
1887 1
1888 4
1889 1
1890 3
1891 1
1892 2
1893 1
1894 1
1895 1
1896 2
1897 1
1898 1
1899 3
1900 10
1901 1
1902 1
1903 1
1904 4
1905 1
1906 1
1907 1
1908 6
1909 1
1910 1
1911 7
1912 2
1913 1
1914 1
1915 1
1916 2
1917 3
1918 1
1919 1
1920 8
1921 1
1922 31
1923 1
1924 2
1925 5
1926 3
1927 1
1928 2
1929 1
1930 1
1931 1
1932 2
1933 1
1934 1
1935 3
1936 44
1937 1
1938 1
1939 1
1940 2
1941 1
1942 1
1943 1
1944 18
1945 1
1946 1
1947 1
1948 2
1949 1
1950 5
1951 1
1952 4
1953 3
1954 1
1955 1
1956 2
1957 1
1958 1
1959 1
1960 14
1961 1
1962 3
1963 1
1964 2
1965 1
1966 1
1967 1
1968 4
1969 1
1970 1
1971 3
1972 2
1973 1
1974 1
1975 5
1976 2
1977 1
1978 1
1979 1
1980 6
1981 1
1982 1
1983 1
1984 8
1985 1
1986 1
1987 1
1988 2
1989 3
1990 1
1991 1
1992 2
1993 1
1994 1
1995 1
1996 2
1997 1
1998 3
1999 1
2000 20
2001 1
2002 1
2003 1
2004 2
2005 1
2006 1
2007 3
2008 2
2009 7
2010 1
2011 1
2012 2
2013 1
2014 1
2015 1
2016 12
2017 1
2018 1
2019 1
2020 2
2021 1
2022 1
2023 17
2024 2
2025 45
2026 1
2027 1
2028 26
2029 1
2030 1
2031 1
2032 4
2033 1
2034 3
2035 1
2036 2
2037 1
2038 1
2039 1
2040 2
2041 1
2042 1
2043 3
2044 2
2045 1
2046 1
2047 1
2048 32
2049 1
2050 5
2051 1
2052 6
2053 1
2054 1
2055 1
2056 2
2057 11
2058 7
2059 1
2060 2
2061 3
2062 1
2063 1
2064 4
2065 1
2066 1
2067 1
2068 2
2069 1
2070 3
2071 1
2072 2
2073 1
2074 1
2075 5
2076 2
2077 1
2078 1
2079 3
2080 4
2081 1
2082 1
2083 1
2084 2
2085 1
2086 1
2087 1
2088 6
2089 1
2090 1
2091 1
2092 2
2093 1
2094 1
2095 1
2096 4
2097 3
2098 1
2099 1
2100 10
2101 1
2102 1
2103 1
2104 2
2105 1
2106 9
2107 7
2108 2
2109 1
2110 1
2111 1
2112 8
2113 1
2114 1
2115 3
2116 46
2117 1
2118 1
2119 1
2120 2
2121 1
2122 1
2123 1
2124 6
2125 5
2126 1
2127 1
2128 4
2129 1
2130 1
2131 1
2132 2
2133 3
2134 1
2135 1
2136 2
2137 1
2138 1
2139 1
2140 2
2141 1
2142 3
2143 1
2144 4
2145 1
2146 1
2147 1
2148 2
2149 1
2150 5
2151 3
2152 2
2153 1
2154 1
2155 1
2156 14
2157 1
2158 1
2159 1
2160 12
2161 1
2162 1
2163 1
2164 2
2165 1
2166 19
2167 1
2168 2
2169 3
2170 1
2171 1
2172 2
2173 1
2174 1
2175 5
2176 8
2177 1
2178 33
2179 1
2180 2
2181 1
2182 1
2183 1
2184 2
2185 1
2186 1
2187 27
2188 2
2189 1
2190 1
2191 1
2192 4
2193 1
2194 1
2195 1
2196 6
2197 13
2198 1
2199 1
2200 10
2201 1
2202 1
2203 1
2204 2
2205 21
2206 1
2207 1
2208 4
2209 47
2210 1
2211 1
2212 2
2213 1
2214 3
2215 1
2216 2
2217 1
2218 1
2219 1
2220 2
2221 1
2222 1
2223 3
2224 4
2225 5
2226 1
2227 1
2228 2
2229 1
2230 1
2231 1
2232 6
2233 1
2234 1
2235 1
2236 2
2237 1
2238 1
2239 1
2240 8
2241 3
2242 1
2243 1
2244 2
2245 1
2246 1
2247 1
2248 2
2249 1
2250 15
2251 1
2252 2
2253 1
2254 7
2255 1
2256 4
2257 1
2258 1
2259 3
2260 2
2261 1
2262 1
2263 1
2264 2
2265 1
2266 1
2267 1
2268 18
2269 1
2270 1
2271 1
2272 4
2273 1
2274 1
2275 5
2276 2
2277 3
2278 1
2279 1
2280 2
2281 1
2282 1
2283 1
2284 2
2285 1
2286 3
2287 1
2288 4
2289 1
2290 1
2291 1
2292 2
2293 1
2294 1
2295 3
2296 2
2297 1
2298 1
2299 11
2300 10
2301 1
2302 1
2303 7
2304 48
2305 1
2306 1
2307 1
2308 2
2309 1
2310 1
2311 1
2312 34
2313 3
2314 1
2315 1
2316 2
2317 1
2318 1
2319 1
2320 4
2321 1
2322 3
2323 1
2324 2
2325 5
2326 1
2327 1
2328 2
2329 1
2330 1
2331 3
2332 2
2333 1
2334 1
2335 1
2336 4
2337 1
2338 1
2339 1
2340 6
2341 1
2342 1
2343 1
2344 2
2345 1
2346 1
2347 1
2348 2
2349 9
2350 5
2351 1
2352 28
2353 1
2354 1
2355 1
2356 2
2357 1
2358 3
2359 1
2360 2
2361 1
2362 1
2363 1
2364 2
2365 1
2366 13
2367 3
2368 8
2369 1
2370 1
2371 1
2372 2
2373 1
2374 1
2375 5
2376 6
2377 1
2378 1
2379 1
2380 2
2381 1
2382 1
2383 1
2384 4
2385 3
2386 1
2387 1
2388 2
2389 1
2390 1
2391 1
2392 2
2393 1
2394 3
2395 1
2396 2
2397 1
2398 1
2399 1
2400 20
2401 49
2402 1
2403 3
2404 2
2405 1
2406 1
2407 1
2408 2
2409 1
2410 1
2411 1
2412 6
2413 1
2414 1
2415 1
2416 4
2417 1
2418 1
2419 1
2420 22
2421 3
2422 1
2423 1
2424 2
2425 5
2426 1
2427 1
2428 2
2429 1
2430 9
2431 1
2432 8
2433 1
2434 1
2435 1
2436 2
2437 1
2438 1
2439 3
2440 2
2441 1
2442 1
2443 1
2444 2
2445 1
2446 1
2447 1
2448 12
2449 1
2450 35
2451 1
2452 2
2453 1
2454 1
2455 1
2456 2
2457 3
2458 1
2459 1
2460 2
2461 1
2462 1
2463 1
2464 4
2465 1
2466 3
2467 1
2468 2
2469 1
2470 1
2471 1
2472 2
2473 1
2474 1
2475 15
2476 2
2477 1
2478 1
2479 1
2480 4
2481 1
2482 1
2483 1
2484 6
2485 1
2486 1
2487 1
2488 2
2489 1
2490 1
2491 1
2492 2
2493 3
2494 1
2495 1
2496 8
2497 1
2498 1
2499 7
2500 50
2501 1
2502 3
2503 1
2504 2
2505 1
2506 1
2507 1
2508 2
2509 1
2510 1
2511 9
2512 4
2513 1
2514 1
2515 1
2516 2
2517 1
2518 1
2519 1
2520 6
2521 1
2522 1
2523 29
2524 2
2525 5
2526 1
2527 19
2528 4
2529 3
2530 1
2531 1
2532 2
2533 1
2534 1
2535 13
2536 2
2537 1
2538 3
2539 1
2540 2
2541 11
2542 1
2543 1
2544 4
2545 1
2546 1
2547 3
2548 14
2549 1
2550 5
2551 1
2552 2
2553 1
2554 1
2555 1
2556 6
2557 1
2558 1
2559 1
2560 16
2561 1
2562 1
2563 1
2564 2
2565 3
2566 1
2567 1
2568 2
2569 1
2570 1
2571 1
2572 2
2573 1
2574 3
2575 5
2576 4
2577 1
2578 1
2579 1
2580 2
2581 1
2582 1
2583 3
2584 2
2585 1
2586 1
2587 1
2588 2
2589 1
2590 1
2591 1
2592 36
2593 1
2594 1
2595 1
2596 2
2597 7
2598 1
2599 1
2600 10
2601 51
2602 1
2603 1
2604 2
2605 1
2606 1
2607 1
2608 4
2609 1
2610 3
2611 1
2612 2
2613 1
2614 1
2615 1
2616 2
2617 1
2618 1
2619 3
2620 2
2621 1
2622 1
2623 1
2624 8
2625 5
2626 1
2627 1
2628 6
2629 1
2630 1
2631 1
2632 2
2633 1
2634 1
2635 1
2636 2
2637 3
2638 1
2639 1
2640 4
2641 1
2642 1
2643 1
2644 2
2645 23
2646 21
2647 1
2648 2
2649 1
2650 5
2651 1
2652 2
2653 1
2654 1
2655 3
2656 4
2657 1
2658 1
2659 1
2660 2
2661 1
2662 11
2663 1
2664 6
2665 1
2666 1
2667 1
2668 2
2669 1
2670 1
2671 1
2672 4
2673 9
2674 1
2675 5
2676 2
2677 1
2678 1
2679 1
2680 2
2681 1
2682 3
2683 1
2684 2
2685 1
2686 1
2687 1
2688 8
2689 1
2690 1
2691 3
2692 2
2693 1
2694 1
2695 7
2696 2
2697 1
2698 1
2699 1
2700 30
2701 1
2702 1
2703 1
2704 52
2705 1
2706 1
2707 1
2708 2
2709 3
2710 1
2711 1
2712 2
2713 1
2714 1
2715 1
2716 2
2717 1
2718 3
2719 1
2720 4
2721 1
2722 1
2723 1
2724 2
2725 5
2726 1
2727 3
2728 2
2729 1
2730 1
2731 1
2732 2
2733 1
2734 1
2735 1
2736 12
2737 1
2738 37
2739 1
2740 2
2741 1
2742 1
2743 1
2744 14
2745 3
2746 1
2747 1
2748 2
2749 1
2750 5
2751 1
2752 8
2753 1
2754 9
2755 1
2756 2
2757 1
2758 1
2759 1
2760 2
2761 1
2762 1
2763 3
2764 2
2765 1
2766 1
2767 1
2768 4
2769 1
2770 1
2771 1
2772 6
2773 1
2774 1
2775 5
2776 2
2777 1
2778 1
2779 1
2780 2
2781 3
2782 1
2783 11
2784 4
2785 1
2786 1
2787 1
2788 2
2789 1
2790 3
2791 1
2792 2
2793 7
2794 1
2795 1
2796 2
2797 1
2798 1
2799 3
2800 20
2801 1
2802 1
2803 1
2804 2
2805 1
2806 1
2807 1
2808 6
2809 53
2810 1
2811 1
2812 2
2813 1
2814 1
2815 1
2816 16
2817 3
2818 1
2819 1
2820 2
2821 1
2822 1
2823 1
2824 2
2825 5
2826 3
2827 1
2828 2
2829 1
2830 1
2831 1
2832 4
2833 1
2834 1
2835 9
2836 2
2837 1
2838 1
2839 1
2840 2
2841 1
2842 7
2843 1
2844 6
2845 1
2846 1
2847 1
2848 4
2849 1
2850 5
2851 1
2852 2
2853 3
2854 1
2855 1
2856 2
2857 1
2858 1
2859 1
2860 2
2861 1
2862 3
2863 1
2864 4
2865 1
2866 1
2867 1
2868 2
2869 1
2870 1
2871 3
2872 2
2873 13
2874 1
2875 5
2876 2
2877 1
2878 1
2879 1
2880 24
2881 1
2882 1
2883 31
2884 2
2885 1
2886 1
2887 1
2888 38
2889 3
2890 17
2891 7
2892 2
2893 1
2894 1
2895 1
2896 4
2897 1
2898 3
2899 1
2900 10
2901 1
2902 1
2903 1
2904 22
2905 1
2906 1
2907 3
2908 2
2909 1
2910 1
2911 1
2912 4
2913 1
2914 1
2915 1
2916 54
2917 1
2918 1
2919 1
2920 2
2921 1
2922 1
2923 1
2924 2
2925 15
2926 1
2927 1
2928 4
2929 1
2930 1
2931 1
2932 2
2933 1
2934 3
2935 1
2936 2
2937 1
2938 1
2939 1
2940 14
2941 1
2942 1
2943 3
2944 8
2945 1
2946 1
2947 1
2948 2
2949 1
2950 5
2951 1
2952 6
2953 1
2954 1
2955 1
2956 2
2957 1
2958 1
2959 1
2960 4
2961 3
2962 1
2963 1
2964 2
2965 1
2966 1
2967 1
2968 2
2969 1
2970 3
2971 1
2972 2
2973 1
2974 1
2975 5
2976 4
2977 1
2978 1
2979 3
2980 2
2981 1
2982 1
2983 1
2984 2
2985 1
2986 1
2987 1
2988 6
2989 7
2990 1
2991 1
2992 4
2993 1
2994 1
2995 1
2996 2
2997 9
2998 1
2999 1
3000 10
3001 1
3002 1
3003 1
3004 2
3005 1
3006 3
3007 1
3008 8
3009 1
3010 1
3011 1
3012 2
3013 1
3014 1
3015 3
3016 2
3017 1
3018 1
3019 1
3020 2
3021 1
3022 1
3023 1
3024 12
3025 55
3026 1
3027 1
3028 2
3029 1
3030 1
3031 1
3032 2
3033 3
3034 1
3035 1
3036 2
3037 1
3038 7
3039 1
3040 4
3041 1
3042 39
3043 1
3044 2
3045 1
3046 1
3047 1
3048 2
3049 1
3050 5
3051 3
3052 2
3053 1
3054 1
3055 1
3056 4
3057 1
3058 1
3059 1
3060 6
3061 1
3062 1
3063 1
3064 2
3065 1
3066 1
3067 1
3068 2
3069 3
3070 1
3071 1
3072 32
3073 1
3074 1
3075 5
3076 2
3077 1
3078 9
3079 1
3080 2
3081 1
3082 1
3083 1
3084 2
3085 1
3086 1
3087 21
3088 4
3089 1
3090 1
3091 1
3092 2
3093 1
3094 1
3095 1
3096 6
3097 1
3098 1
3099 1
3100 10
3101 1
3102 1
3103 1
3104 4
3105 3
3106 1
3107 1
3108 2
3109 1
3110 1
3111 1
3112 2
3113 1
3114 3
3115 1
3116 2
3117 1
3118 1
3119 1
3120 4
3121 1
3122 1
3123 3
3124 2
3125 25
3126 1
3127 1
3128 2
3129 1
3130 1
3131 1
3132 6
3133 1
3134 1
3135 1
3136 56
3137 1
3138 1
3139 1
3140 2
3141 3
3142 1
3143 1
3144 2
3145 1
3146 11
3147 1
3148 2
3149 1
3150 15
3151 1
3152 4
3153 1
3154 1
3155 1
3156 2
3157 1
3158 1
3159 9
3160 2
3161 1
3162 1
3163 1
3164 2
3165 1
3166 1
3167 1
3168 12
3169 1
3170 1
3171 1
3172 2
3173 1
3174 23
3175 5
3176 2
3177 3
3178 1
3179 17
3180 2
3181 1
3182 1
3183 1
3184 4
3185 7
3186 3
3187 1
3188 2
3189 1
3190 1
3191 1
3192 2
3193 1
3194 1
3195 3
3196 2
3197 1
3198 1
3199 1
3200 40
3201 1
3202 1
3203 1
3204 6
3205 1
3206 1
3207 1
3208 2
3209 1
3210 1
3211 13
3212 2
3213 3
3214 1
3215 1
3216 4
3217 1
3218 1
3219 1
3220 2
3221 1
3222 3
3223 1
3224 2
3225 5
3226 1
3227 1
3228 2
3229 1
3230 1
3231 3
3232 4
3233 1
3234 7
3235 1
3236 2
3237 1
3238 1
3239 1
3240 18
3241 1
3242 1
3243 1
3244 2
3245 1
3246 1
3247 1
3248 4
3249 57
3250 5
3251 1
3252 2
3253 1
3254 1
3255 1
3256 2
3257 1
3258 3
3259 1
3260 2
3261 1
3262 1
3263 1
3264 8
3265 1
3266 1
3267 33
3268 2
3269 1
3270 1
3271 1
3272 2
3273 1
3274 1
3275 5
3276 6
3277 1
3278 1
3279 1
3280 4
3281 1
3282 1
3283 7
3284 2
3285 3
3286 1
3287 1
3288 2
3289 1
3290 1
3291 1
3292 2
3293 1
3294 3
3295 1
3296 4
3297 1
3298 1
3299 1
3300 10
3301 1
3302 1
3303 3
3304 2
3305 1
3306 1
3307 1
3308 2
3309 1
3310 1
3311 1
3312 12
3313 1
3314 1
3315 1
3316 2
3317 1
3318 1
3319 1
3320 2
3321 9
3322 1
3323 1
3324 2
3325 5
3326 1
3327 1
3328 16
3329 1
3330 3
3331 1
3332 14
3333 1
3334 1
3335 1
3336 2
3337 1
3338 1
3339 3
3340 2
3341 1
3342 1
3343 1
3344 4
3345 1
3346 1
3347 1
3348 6
3349 1
3350 5
3351 1
3352 2
3353 1
3354 1
3355 1
3356 2
3357 3
3358 1
3359 1
3360 4
3361 1
3362 41
3363 1
3364 58
3365 1
3366 3
3367 1
3368 2
3369 1
3370 1
3371 1
3372 2
3373 1
3374 1
3375 15
3376 4
3377 1
3378 1
3379 1
3380 26
3381 7
3382 1
3383 1
3384 6
3385 1
3386 1
3387 1
3388 22
3389 1
3390 1
3391 1
3392 8
3393 3
3394 1
3395 1
3396 2
3397 1
3398 1
3399 1
3400 10
3401 1
3402 9
3403 1
3404 2
3405 1
3406 1
3407 1
3408 4
3409 1
3410 1
3411 3
3412 2
3413 1
3414 1
3415 1
3416 2
3417 1
3418 1
3419 1
3420 6
3421 1
3422 1
3423 1
3424 4
3425 5
3426 1
3427 1
3428 2
3429 3
3430 7
3431 1
3432 2
3433 1
3434 1
3435 1
3436 2
3437 1
3438 3
3439 1
3440 4
3441 1
3442 1
3443 1
3444 2
3445 1
3446 1
3447 3
3448 2
3449 1
3450 5
3451 1
3452 2
3453 1
3454 1
3455 1
3456 24
3457 1
3458 1
3459 1
3460 2
3461 1
3462 1
3463 1
3464 2
3465 3
3466 1
3467 1
3468 34
3469 1
3470 1
3471 1
3472 4
3473 1
3474 3
3475 5
3476 2
3477 1
3478 1
3479 7
3480 2
3481 59
3482 1
3483 9
3484 2
3485 1
3486 1
3487 1
3488 4
3489 1
3490 1
3491 1
3492 6
3493 1
3494 1
3495 1
3496 2
3497 1
3498 1
3499 1
3500 10
3501 3
3502 1
3503 1
3504 4
3505 1
3506 1
3507 1
3508 2
3509 11
3510 3
3511 1
3512 2
3513 1
3514 1
3515 1
3516 2
3517 1
3518 1
3519 3
3520 8
3521 1
3522 1
3523 1
3524 2
3525 5
3526 1
3527 1
3528 42
3529 1
3530 1
3531 1
3532 2
3533 1
3534 1
3535 1
3536 4
3537 3
3538 1
3539 1
3540 2
3541 1
3542 1
3543 1
3544 2
3545 1
3546 3
3547 1
3548 2
3549 13
3550 5
3551 1
3552 4
3553 1
3554 1
3555 3
3556 2
3557 1
3558 1
3559 1
3560 2
3561 1
3562 1
3563 1
3564 18
3565 1
3566 1
3567 1
3568 4
3569 1
3570 1
3571 1
3572 2
3573 3
3574 1
3575 5
3576 2
3577 7
3578 1
3579 1
3580 2
3581 1
3582 3
3583 1
3584 16
3585 1
3586 1
3587 1
3588 2
3589 1
3590 1
3591 3
3592 2
3593 1
3594 1
3595 1
3596 2
3597 1
3598 1
3599 1
3600 60
3601 1
3602 1
3603 1
3604 2
3605 1
3606 1
3607 1
3608 2
3609 3
3610 19
3611 1
3612 2
3613 1
3614 1
3615 1
3616 4
3617 1
3618 3
3619 1
3620 2
3621 1
3622 1
3623 1
3624 2
3625 5
3626 7
3627 3
3628 2
3629 1
3630 11
3631 1
3632 4
3633 1
3634 1
3635 1
3636 6
3637 1
3638 1
3639 1
3640 2
3641 1
3642 1
3643 1
3644 2
3645 27
3646 1
3647 1
3648 8
3649 1
3650 5
3651 1
3652 2
3653 1
3654 3
3655 1
3656 2
3657 1
3658 1
3659 1
3660 2
3661 1
3662 1
3663 3
3664 4
3665 1
3666 1
3667 1
3668 2
3669 1
3670 1
3671 1
3672 6
3673 1
3674 1
3675 35
3676 2
3677 1
3678 1
3679 1
3680 4
3681 3
3682 1
3683 1
3684 2
3685 1
3686 1
3687 1
3688 2
3689 1
3690 3
3691 1
3692 2
3693 1
3694 1
3695 1
3696 4
3697 1
3698 43
3699 3
3700 10
3701 1
3702 1
3703 23
3704 2
3705 1
3706 1
3707 1
3708 6
3709 1
3710 1
3711 1
3712 8
3713 1
3714 1
3715 1
3716 2
3717 3
3718 13
3719 1
3720 2
3721 61
3722 1
3723 1
3724 14
3725 5
3726 9
3727 1
3728 4
3729 1
3730 1
3731 1
3732 2
3733 1
3734 1
3735 3
3736 2
3737 1
3738 1
3739 1
3740 2
3741 1
3742 1
3743 1
3744 12
3745 1
3746 1
3747 1
3748 2
3749 1
3750 25
3751 11
3752 2
3753 3
3754 1
3755 1
3756 2
3757 17
3758 1
3759 1
3760 4
3761 1
3762 3
3763 1
3764 2
3765 1
3766 1
3767 1
3768 2
3769 1
3770 1
3771 3
3772 2
3773 7
3774 1
3775 5
3776 8
3777 1
3778 1
3779 1
3780 6
3781 1
3782 1
3783 1
3784 2
3785 1
3786 1
3787 1
3788 2
3789 3
3790 1
3791 1
3792 4
3793 1
3794 1
3795 1
3796 2
3797 1
3798 3
3799 1
3800 10
3801 1
3802 1
3803 1
3804 2
3805 1
3806 1
3807 9
3808 4
3809 1
3810 1
3811 1
3812 2
3813 1
3814 1
3815 1
3816 6
3817 1
3818 1
3819 1
3820 2
3821 1
3822 7
3823 1
3824 4
3825 15
3826 1
3827 1
3828 2
3829 1
3830 1
3831 1
3832 2
3833 1
3834 3
3835 1
3836 2
3837 1
3838 1
3839 1
3840 16
3841 1
3842 1
3843 3
3844 62
3845 1
3846 1
3847 1
3848 2
3849 1
3850 5
3851 1
3852 6
3853 1
3854 1
3855 1
3856 4
3857 1
3858 1
3859 1
3860 2
3861 3
3862 1
3863 1
3864 2
3865 1
3866 1
3867 1
3868 2
3869 1
3870 3
3871 7
3872 44
3873 1
3874 1
3875 5
3876 2
3877 1
3878 1
3879 3
3880 2
3881 1
3882 1
3883 1
3884 2
3885 1
3886 1
3887 13
3888 36
3889 1
3890 1
3891 1
3892 2
3893 1
3894 1
3895 1
3896 2
3897 3
3898 1
3899 1
3900 10
3901 1
3902 1
3903 1
3904 8
3905 1
3906 3
3907 1
3908 2
3909 1
3910 1
3911 1
3912 2
3913 1
3914 1
3915 3
3916 2
3917 1
3918 1
3919 1
3920 28
3921 1
3922 1
3923 1
3924 6
3925 5
3926 1
3927 1
3928 2
3929 1
3930 1
3931 1
3932 2
3933 3
3934 1
3935 1
3936 4
3937 1
3938 1
3939 1
3940 2
3941 1
3942 3
3943 1
3944 2
3945 1
3946 1
3947 1
3948 2
3949 1
3950 5
3951 3
3952 4
3953 1
3954 1
3955 1
3956 2
3957 1
3958 1
3959 1
3960 6
3961 1
3962 1
3963 1
3964 2
3965 1
3966 1
3967 1
3968 8
3969 63
3970 1
3971 19
3972 2
3973 1
3974 1
3975 5
3976 2
3977 1
3978 3
3979 1
3980 2
3981 1
3982 1
3983 1
3984 4
3985 1
3986 1
3987 3
3988 2
3989 1
3990 1
3991 1
3992 2
3993 11
3994 1
3995 1
3996 6
3997 1
3998 1
3999 1
4000 20
4001 1
4002 1
4003 1
4004 2
4005 3
4006 1
4007 1
4008 2
4009 1
4010 1
4011 1
4012 2
4013 1
4014 3
4015 1
4016 4
4017 1
4018 7
4019 1
4020 2
4021 1
4022 1
4023 3
4024 2
4025 5
4026 1
4027 1
4028 2
4029 1
4030 1
4031 1
4032 24
4033 1
4034 1
4035 1
4036 2
4037 1
4038 1
4039 1
4040 2
4041 3
4042 1
4043 1
4044 2
4045 1
4046 17
4047 1
4048 4
4049 1
4050 45
4051 1
4052 2
4053 1
4054 1
4055 1
4056 26
4057 1
4058 1
4059 3
4060 2
4061 1
4062 1
4063 1
4064 4
4065 1
4066 1
4067 7
4068 6
4069 1
4070 1
4071 1
4072 2
4073 1
4074 1
4075 5
4076 2
4077 3
4078 1
4079 1
4080 4
4081 1
4082 1
4083 1
4084 2
4085 1
4086 3
4087 1
4088 2
4089 1
4090 1
4091 1
4092 2
4093 1
4094 1
4095 3
4096 64
4097 1
4098 1
4099 1
4100 10
4101 1
4102 1
4103 1
4104 6
4105 1
4106 1
4107 37
4108 2
4109 1
4110 1
4111 1
4112 4
4113 3
4114 11
4115 1
4116 14
4117 1
4118 1
4119 1
4120 2
4121 1
4122 3
4123 1
4124 2
4125 5
4126 1
4127 1
4128 4
4129 1
4130 1
4131 9
4132 2
4133 1
4134 1
4135 1
4136 2
4137 1
4138 1
4139 1
4140 6
4141 1
4142 1
4143 1
4144 4
4145 1
4146 1
4147 1
4148 2
4149 3
4150 5
4151 1
4152 2
4153 1
4154 1
4155 1
4156 2
4157 1
4158 3
4159 1
4160 8
4161 1
4162 1
4163 1
4164 2
4165 7
4166 1
4167 3
4168 2
4169 1
4170 1
4171 1
4172 2
4173 1
4174 1
4175 5
4176 12
4177 1
4178 1
4179 1
4180 2
4181 1
4182 1
4183 1
4184 2
4185 3
4186 1
4187 1
4188 2
4189 1
4190 1
4191 1
4192 4
4193 1
4194 3
4195 1
4196 2
4197 1
4198 1
4199 1
4200 10
4201 1
4202 1
4203 3
4204 2
4205 29
4206 1
4207 1
4208 4
4209 1
4210 1
4211 1
4212 18
4213 1
4214 7
4215 1
4216 2
4217 1
4218 1
4219 1
4220 2
4221 3
4222 1
4223 1
4224 8
4225 65
4226 1
4227 1
4228 2
4229 1
4230 3
4231 1
4232 46
4233 1
4234 1
4235 11
4236 2
4237 1
4238 1
4239 3
4240 4
4241 1
4242 1
4243 1
4244 2
4245 1
4246 1
4247 1
4248 6
4249 1
4250 5
4251 1
4252 2
4253 1
4254 1
4255 1
4256 4
4257 3
4258 1
4259 1
4260 2
4261 1
4262 1
4263 7
4264 2
4265 1
4266 3
4267 1
4268 2
4269 1
4270 1
4271 1
4272 4
4273 1
4274 1
4275 15
4276 2
4277 1
4278 1
4279 1
4280 2
4281 1
4282 1
4283 1
4284 6
4285 1
4286 1
4287 1
4288 8
4289 1
4290 1
4291 1
4292 2
4293 9
4294 1
4295 1
4296 2
4297 1
4298 1
4299 1
4300 10
4301 1
4302 3
4303 1
4304 4
4305 1
4306 1
4307 1
4308 2
4309 1
4310 1
4311 3
4312 14
4313 1
4314 1
4315 1
4316 2
4317 1
4318 1
4319 1
4320 12
4321 1
4322 1
4323 1
4324 2
4325 5
4326 1
4327 1
4328 2
4329 3
4330 1
4331 1
4332 38
4333 1
4334 1
4335 17
4336 4
4337 1
4338 3
4339 1
4340 2
4341 1
4342 1
4343 1
4344 2
4345 1
4346 1
4347 3
4348 2
4349 1
4350 5
4351 1
4352 16
4353 1
4354 1
4355 1
4356 66
4357 1
4358 1
4359 1
4360 2
4361 7
4362 1
4363 1
4364 2
4365 3
4366 1
4367 1
4368 4
4369 1
4370 1
4371 1
4372 2
4373 1
4374 27
4375 25
4376 2
4377 1
4378 1
4379 1
4380 2
4381 1
4382 1
4383 3
4384 4
4385 1
4386 1
4387 1
4388 2
4389 1
4390 1
4391 1
4392 6
4393 1
4394 13
4395 1
4396 2
4397 1
4398 1
4399 1
4400 20
4401 3
4402 1
4403 1
4404 2
4405 1
4406 1
4407 1
4408 2
4409 1
4410 21
4411 1
4412 2
4413 1
4414 1
4415 1
4416 8
4417 1
4418 47
4419 3
4420 2
4421 1
4422 1
4423 1
4424 2
4425 5
4426 1
4427 1
4428 6
4429 1
4430 1
4431 1
4432 4
4433 1
4434 1
4435 1
4436 2
4437 3
4438 1
4439 1
4440 2
4441 1
4442 1
4443 1
4444 2
4445 1
4446 3
4447 1
4448 4
4449 1
4450 5
4451 1
4452 2
4453 1
4454 1
4455 9
4456 2
4457 1
4458 1
4459 7
4460 2
4461 1
4462 1
4463 1
4464 12
4465 1
4466 1
4467 1
4468 2
4469 1
4470 1
4471 1
4472 2
4473 3
4474 1
4475 5
4476 2
4477 11
4478 1
4479 1
4480 8
4481 1
4482 3
4483 1
4484 2
4485 1
4486 1
4487 1
4488 2
4489 67
4490 1
4491 3
4492 2
4493 1
4494 1
4495 1
4496 4
4497 1
4498 1
4499 1
4500 30
4501 1
4502 1
4503 1
4504 2
4505 1
4506 1
4507 1
4508 14
4509 3
4510 1
4511 1
4512 4
4513 1
4514 1
4515 1
4516 2
4517 1
4518 3
4519 1
4520 2
4521 1
4522 1
4523 1
4524 2
4525 5
4526 1
4527 3
4528 4
4529 1
4530 1
4531 1
4532 2
4533 1
4534 1
4535 1
4536 18
4537 1
4538 1
4539 1
4540 2
4541 1
4542 1
4543 1
4544 8
4545 3
4546 1
4547 1
4548 2
4549 1
4550 5
4551 1
4552 2
4553 1
4554 3
4555 1
4556 2
4557 7
4558 1
4559 1
4560 4
4561 1
4562 1
4563 39
4564 2
4565 1
4566 1
4567 1
4568 2
4569 1
4570 1
4571 1
4572 6
4573 1
4574 1
4575 5
4576 4
4577 1
4578 1
4579 1
4580 2
4581 3
4582 1
4583 1
4584 2
4585 1
4586 1
4587 1
4588 2
4589 1
4590 3
4591 1
4592 4
4593 1
4594 1
4595 1
4596 2
4597 1
4598 11
4599 3
4600 10
4601 1
4602 1
4603 1
4604 2
4605 1
4606 7
4607 1
4608 48
4609 1
4610 1
4611 1
4612 2
4613 1
4614 1
4615 1
4616 2
4617 9
4618 1
4619 1
4620 2
4621 1
4622 1
4623 1
4624 68
4625 5
4626 3
4627 1
4628 2
4629 1
4630 1
4631 1
4632 2
4633 1
4634 1
4635 3
4636 2
4637 1
4638 1
4639 1
4640 4
4641 1
4642 1
4643 1
4644 6
4645 1
4646 1
4647 1
4648 2
4649 1
4650 5
4651 1
4652 2
4653 3
4654 1
4655 7
4656 4
4657 1
4658 1
4659 1
4660 2
4661 1
4662 3
4663 1
4664 2
4665 1
4666 1
4667 1
4668 2
4669 1
4670 1
4671 3
4672 8
4673 1
4674 1
4675 5
4676 2
4677 1
4678 1
4679 1
4680 6
4681 1
4682 1
4683 1
4684 2
4685 1
4686 1
4687 1
4688 4
4689 3
4690 1
4691 1
4692 2
4693 19
4694 1
4695 1
4696 2
4697 1
4698 9
4699 1
4700 10
4701 1
4702 1
4703 1
4704 28
4705 1
4706 1
4707 3
4708 2
4709 1
4710 1
4711 1
4712 2
4713 1
4714 1
4715 1
4716 6
4717 1
4718 1
4719 11
4720 4
4721 1
4722 1
4723 1
4724 2
4725 15
4726 1
4727 1
4728 2
4729 1
4730 1
4731 1
4732 26
4733 1
4734 3
4735 1
4736 8
4737 1
4738 1
4739 1
4740 2
4741 1
4742 1
4743 3
4744 2
4745 1
4746 1
4747 1
4748 2
4749 1
4750 5
4751 1
4752 12
4753 7
4754 1
4755 1
4756 2
4757 1
4758 1
4759 1
4760 2
4761 69
4762 1
4763 1
4764 2
4765 1
4766 1
4767 1
4768 4
4769 1
4770 3
4771 1
4772 2
4773 1
4774 1
4775 5
4776 2
4777 1
4778 1
4779 9
4780 2
4781 1
4782 1
4783 1
4784 4
4785 1
4786 1
4787 1
4788 6
4789 1
4790 1
4791 1
4792 2
4793 1
4794 1
4795 1
4796 2
4797 3
4798 1
4799 1
4800 40
4801 1
4802 49
4803 1
4804 2
4805 31
4806 3
4807 1
4808 2
4809 1
4810 1
4811 1
4812 2
4813 1
4814 1
4815 3
4816 4
4817 1
4818 1
4819 1
4820 2
4821 1
4822 1
4823 1
4824 6
4825 5
4826 1
4827 1
4828 2
4829 1
4830 1
4831 1
4832 4
4833 3
4834 1
4835 1
4836 2
4837 1
4838 1
4839 1
4840 22
4841 1
4842 3
4843 1
4844 2
4845 1
4846 1
4847 1
4848 4
4849 1
4850 5
4851 21
4852 2
4853 1
4854 1
4855 1
4856 2
4857 1
4858 1
4859 1
4860 18
4861 1
4862 1
4863 1
4864 16
4865 1
4866 1
4867 1
4868 2
4869 3
4870 1
4871 1
4872 2
4873 1
4874 1
4875 5
4876 2
4877 1
4878 3
4879 1
4880 4
4881 1
4882 1
4883 1
4884 2
4885 1
4886 1
4887 3
4888 2
4889 1
4890 1
4891 1
4892 2
4893 1
4894 1
4895 1
4896 12
4897 1
4898 1
4899 1
4900 70
4901 13
4902 1
4903 1
4904 2
4905 3
4906 1
4907 1
4908 2
4909 1
4910 1
4911 1
4912 4
4913 17
4914 3
4915 1
4916 2
4917 1
4918 1
4919 1
4920 2
4921 1
4922 1
4923 3
4924 2
4925 5
4926 1
4927 1
4928 8
4929 1
4930 1
4931 1
4932 6
4933 1
4934 1
4935 1
4936 2
4937 1
4938 1
4939 1
4940 2
4941 9
4942 1
4943 1
4944 4
4945 1
4946 1
4947 1
4948 2
4949 7
4950 15
4951 1
4952 2
4953 1
4954 1
4955 1
4956 2
4957 1
4958 1
4959 3
4960 4
4961 11
4962 1
4963 1
4964 2
4965 1
4966 1
4967 1
4968 6
4969 1
4970 1
4971 1
4972 2
4973 1
4974 1
4975 5
4976 4
4977 3
4978 1
4979 1
4980 2
4981 1
4982 1
4983 1
4984 2
4985 1
4986 3
4987 1
4988 2
4989 1
4990 1
4991 1
4992 8
4993 1
4994 1
4995 3
4996 2
4997 1
4998 7
4999 1
5000 50
5001 1
5002 1
5003 1
5004 6
5005 1
5006 1
5007 1
5008 4
5009 1
5010 1
5011 1
5012 2
5013 3
5014 1
5015 1
5016 2
5017 1
5018 1
5019 1
5020 2
5021 1
5022 9
5023 1
5024 4
5025 5
5026 1
5027 1
5028 2
5029 1
5030 1
5031 3
5032 2
5033 1
5034 1
5035 1
5036 2
5037 1
5038 1
5039 1
5040 12
5041 71
5042 1
5043 41
5044 2
5045 1
5046 29
5047 7
5048 2
5049 3
5050 5
5051 1
5052 2
5053 1
5054 19
5055 1
5056 8
5057 1
5058 3
5059 1
5060 2
5061 1
5062 1
5063 1
5064 2
5065 1
5066 1
5067 3
5068 2
5069 1
5070 13
5071 1
5072 4
5073 1
5074 1
5075 5
5076 6
5077 1
5078 1
5079 1
5080 2
5081 1
5082 11
5083 1
5084 2
5085 3
5086 1
5087 1
5088 4
5089 1
5090 1
5091 1
5092 2
5093 1
5094 3
5095 1
5096 14
5097 1
5098 1
5099 1
5100 10
5101 1
5102 1
5103 27
5104 4
5105 1
5106 1
5107 1
5108 2
5109 1
5110 1
5111 1
5112 6
5113 1
5114 1
5115 1
5116 2
5117 1
5118 1
5119 1
5120 32
5121 3
5122 1
5123 1
5124 2
5125 5
5126 1
5127 1
5128 2
5129 1
5130 3
5131 1
5132 2
5133 1
5134 1
5135 1
5136 4
5137 1
5138 1
5139 3
5140 2
5141 1
5142 1
5143 1
5144 2
5145 7
5146 1
5147 1
5148 6
5149 1
5150 5
5151 1
5152 4
5153 1
5154 1
5155 1
5156 2
5157 3
5158 1
5159 1
5160 2
5161 1
5162 1
5163 1
5164 2
5165 1
5166 3
5167 1
5168 4
5169 1
5170 1
5171 1
5172 2
5173 1
5174 1
5175 15
5176 2
5177 1
5178 1
5179 1
5180 2
5181 1
5182 1
5183 1
5184 72
5185 1
5186 1
5187 1
5188 2
5189 1
5190 1
5191 1
5192 2
5193 3
5194 7
5195 1
5196 2
5197 1
5198 1
5199 1
5200 20
5201 1
5202 51
5203 11
5204 2
5205 1
5206 1
5207 1
5208 2
5209 1
5210 1
5211 3
5212 2
5213 1
5214 1
5215 1
5216 4
5217 1
5218 1
5219 1
5220 6
5221 1
5222 1
5223 1
5224 2
5225 5
5226 1
5227 1
5228 2
5229 3
5230 1
5231 1
5232 4
5233 1
5234 1
5235 1
5236 2
5237 1
5238 3
5239 13
5240 2
5241 1
5242 1
5243 7
5244 2
5245 1
5246 1
5247 3
5248 8
5249 1
5250 5
5251 1
5252 2
5253 1
5254 1
5255 1
5256 6
5257 1
5258 1
5259 1
5260 2
5261 1
5262 1
5263 1
5264 4
5265 9
5266 1
5267 1
5268 2
5269 1
5270 1
5271 1
5272 2
5273 1
5274 3
5275 5
5276 2
5277 1
5278 1
5279 1
5280 4
5281 1
5282 1
5283 3
5284 2
5285 1
5286 1
5287 1
5288 2
5289 1
5290 23
5291 1
5292 42
5293 1
5294 1
5295 1
5296 4
5297 1
5298 1
5299 1
5300 10
5301 3
5302 1
5303 1
5304 2
5305 1
5306 1
5307 1
5308 2
5309 1
5310 3
5311 1
5312 8
5313 1
5314 1
5315 1
5316 2
5317 1
5318 1
5319 3
5320 2
5321 1
5322 1
5323 1
5324 22
5325 5
5326 1
5327 1
5328 12
5329 73
5330 1
5331 1
5332 2
5333 1
5334 1
5335 1
5336 2
5337 3
5338 1
5339 1
5340 2
5341 7
5342 1
5343 1
5344 4
5345 1
5346 9
5347 1
5348 2
5349 1
5350 5
5351 1
5352 2
5353 1
5354 1
5355 3
5356 2
5357 1
5358 1
5359 1
5360 4
5361 1
5362 1
5363 1
5364 6
5365 1
5366 1
5367 1
5368 2
5369 1
5370 1
5371 1
5372 2
5373 3
5374 1
5375 5
5376 16
5377 1
5378 1
5379 1
5380 2
5381 1
5382 3
5383 1
5384 2
5385 1
5386 1
5387 1
5388 2
5389 1
5390 7
5391 3
5392 4
5393 1
5394 1
5395 1
5396 2
5397 1
5398 1
5399 1
5400 30
5401 1
5402 1
5403 1
5404 2
5405 1
5406 1
5407 1
5408 52
5409 3
5410 1
5411 1
5412 2
5413 1
5414 1
5415 19
5416 2
5417 1
5418 3
5419 1
5420 2
5421 1
5422 1
5423 1
5424 4
5425 5
5426 1
5427 9
5428 2
5429 1
5430 1
5431 1
5432 2
5433 1
5434 1
5435 1
5436 6
5437 1
5438 1
5439 7
5440 8
5441 1
5442 1
5443 1
5444 2
5445 33
5446 1
5447 1
5448 2
5449 1
5450 5
5451 1
5452 2
5453 1
5454 3
5455 1
5456 4
5457 1
5458 1
5459 1
5460 2
5461 1
5462 1
5463 3
5464 2
5465 1
5466 1
5467 1
5468 2
5469 1
5470 1
5471 1
5472 12
5473 1
5474 1
5475 5
5476 74
5477 1
5478 1
5479 1
5480 2
5481 3
5482 1
5483 1
5484 2
5485 1
5486 1
5487 1
5488 28
5489 1
5490 3
5491 17
5492 2
5493 1
5494 1
5495 1
5496 2
5497 1
5498 1
5499 3
5500 10
5501 1
5502 1
5503 1
5504 8
5505 1
5506 1
5507 1
5508 18
5509 1
5510 1
5511 1
5512 2
5513 1
5514 1
5515 1
5516 2
5517 3
5518 1
5519 1
5520 4
5521 1
5522 1
5523 1
5524 2
5525 5
5526 3
5527 1
5528 2
5529 1
5530 1
5531 1
5532 2
5533 1
5534 1
5535 3
5536 4
5537 7
5538 1
5539 1
5540 2
5541 1
5542 1
5543 1
5544 6
5545 1
5546 1
5547 43
5548 2
5549 1
5550 5
5551 1
5552 4
5553 3
5554 1
5555 1
5556 2
5557 1
5558 1
5559 1
5560 2
5561 1
5562 3
5563 1
5564 2
5565 1
5566 11
5567 1
5568 8
5569 1
5570 1
5571 3
5572 2
5573 1
5574 1
5575 5
5576 2
5577 13
5578 1
5579 1
5580 6
5581 1
5582 1
5583 1
5584 4
5585 1
5586 7
5587 1
5588 2
5589 9
5590 1
5591 1
5592 2
5593 1
5594 1
5595 1
5596 2
5597 1
5598 3
5599 1
5600 20
5601 1
5602 1
5603 1
5604 2
5605 1
5606 1
5607 3
5608 2
5609 1
5610 1
5611 1
5612 2
5613 1
5614 1
5615 1
5616 12
5617 1
5618 53
5619 1
5620 2
5621 1
5622 1
5623 1
5624 2
5625 75
5626 1
5627 1
5628 2
5629 1
5630 1
5631 1
5632 16
5633 1
5634 3
5635 7
5636 2
5637 1
5638 1
5639 1
5640 2
5641 1
5642 1
5643 3
5644 2
5645 1
5646 1
5647 1
5648 4
5649 1
5650 5
5651 1
5652 6
5653 1
5654 1
5655 1
5656 2
5657 1
5658 1
5659 1
5660 2
5661 3
5662 1
5663 1
5664 4
5665 1
5666 1
5667 1
5668 2
5669 1
5670 9
5671 1
5672 2
5673 1
5674 1
5675 5
5676 2
5677 1
5678 1
5679 3
5680 4
5681 1
5682 1
5683 1
5684 14
5685 1
5686 1
5687 11
5688 6
5689 1
5690 1
5691 1
5692 2
5693 1
5694 1
5695 1
5696 8
5697 3
5698 1
5699 1
5700 10
5701 1
5702 1
5703 1
5704 2
5705 1
5706 3
5707 1
5708 2
5709 1
5710 1
5711 1
5712 4
5713 1
5714 1
5715 3
5716 2
5717 1
5718 1
5719 1
5720 2
5721 1
5722 1
5723 1
5724 6
5725 5
5726 1
5727 1
5728 4
5729 1
5730 1
5731 1
5732 2
5733 21
5734 1
5735 1
5736 2
5737 1
5738 1
5739 1
5740 2
5741 1
5742 3
5743 1
5744 4
5745 1
5746 13
5747 1
5748 2
5749 1
5750 5
5751 9
5752 2
5753 1
5754 1
5755 1
5756 2
5757 1
5758 1
5759 1
5760 24
5761 1
5762 1
5763 1
5764 2
5765 1
5766 31
5767 1
5768 2
5769 3
5770 1
5771 1
5772 2
5773 1
5774 1
5775 5
5776 76
5777 1
5778 3
5779 1
5780 34
5781 1
5782 7
5783 1
5784 2
5785 1
5786 1
5787 3
5788 2
5789 1
5790 1
5791 1
5792 4
5793 1
5794 1
5795 1
5796 6
5797 1
5798 1
5799 1
5800 10
5801 1
5802 1
5803 1
5804 2
5805 3
5806 1
5807 1
5808 44
5809 1
5810 1
5811 1
5812 2
5813 1
5814 3
5815 1
5816 2
5817 1
5818 1
5819 23
5820 2
5821 1
5822 1
5823 3
5824 8
5825 5
5826 1
5827 1
5828 2
5829 1
5830 1
5831 7
5832 54
5833 1
5834 1
5835 1
5836 2
5837 1
5838 1
5839 1
5840 4
5841 3
5842 1
5843 1
5844 2
5845 1
5846 1
5847 1
5848 2
5849 1
5850 15
5851 1
5852 2
5853 1
5854 1
5855 1
5856 4
5857 1
5858 1
5859 3
5860 2
5861 1
5862 1
5863 1
5864 2
5865 1
5866 1
5867 1
5868 6
5869 1
5870 1
5871 1
5872 4
5873 1
5874 1
5875 5
5876 2
5877 3
5878 1
5879 1
5880 14
5881 1
5882 1
5883 1
5884 2
5885 1
5886 3
5887 29
5888 16
5889 1
5890 1
5891 1
5892 2
5893 1
5894 1
5895 3
5896 2
5897 1
5898 1
5899 1
5900 10
5901 1
5902 1
5903 1
5904 12
5905 1
5906 1
5907 1
5908 2
5909 1
5910 1
5911 1
5912 2
5913 9
5914 1
5915 13
5916 2
5917 1
5918 1
5919 1
5920 4
5921 1
5922 3
5923 1
5924 2
5925 5
5926 1
5927 1
5928 2
5929 77
5930 1
5931 3
5932 2
5933 1
5934 1
5935 1
5936 4
5937 1
5938 1
5939 1
5940 6
5941 1
5942 1
5943 1
5944 2
5945 1
5946 1
5947 1
5948 2
5949 3
5950 5
5951 1
5952 8
5953 1
5954 1
5955 1
5956 2
5957 1
5958 3
5959 1
5960 2
5961 1
5962 1
5963 1
5964 2
5965 1
5966 1
5967 3
5968 4
5969 1
5970 1
5971 1
5972 2
5973 1
5974 1
5975 5
5976 6
5977 1
5978 7
5979 1
5980 2
5981 1
5982 1
5983 1
5984 4
5985 3
5986 1
5987 1
5988 2
5989 1
5990 1
5991 1
5992 2
5993 1
5994 9
5995 1
5996 2
5997 1
5998 1
5999 1
6000 20
6001 1
6002 1
6003 3
6004 2
6005 1
6006 1
6007 1
6008 2
6009 1
6010 1
6011 1
6012 6
6013 1
6014 1
6015 1
6016 8
6017 1
6018 1
6019 1
6020 2
6021 3
6022 1
6023 1
6024 2
6025 5
6026 1
6027 7
6028 2
6029 1
6030 3
6031 1
6032 4
6033 1
6034 1
6035 1
6036 2
6037 1
6038 1
6039 3
6040 2
6041 1
6042 1
6043 1
6044 2
6045 1
6046 1
6047 1
6048 12
6049 1
6050 55
6051 1
6052 2
6053 1
6054 1
6055 1
6056 2
6057 3
6058 1
6059 1
6060 2
6061 1
6062 1
6063 1
6064 4
6065 1
6066 3
6067 1
6068 2
6069 17
6070 1
6071 1
6072 2
6073 1
6074 1
6075 45
6076 14
6077 1
6078 1
6079 1
6080 8
6081 1
6082 1
6083 1
6084 78
6085 1
6086 1
6087 1
6088 2
6089 1
6090 1
6091 1
6092 2
6093 3
6094 1
6095 1
6096 4
6097 1
6098 1
6099 1
6100 10
6101 1
6102 3
6103 1
6104 2
6105 1
6106 1
6107 1
6108 2
6109 1
6110 1
6111 3
6112 4
6113 1
6114 1
6115 1
6116 2
6117 1
6118 1
6119 1
6120 6
6121 1
6122 1
6123 1
6124 2
6125 35
6126 1
6127 1
6128 4
6129 3
6130 1
6131 1
6132 2
6133 1
6134 1
6135 1
6136 2
6137 19
6138 3
6139 1
6140 2
6141 1
6142 1
6143 1
6144 32
6145 1
6146 1
6147 3
6148 2
6149 1
6150 5
6151 1
6152 2
6153 1
6154 1
6155 1
6156 18
6157 1
6158 1
6159 1
6160 4
6161 1
6162 1
6163 1
6164 2
6165 3
6166 1
6167 1
6168 2
6169 1
6170 1
6171 11
6172 2
6173 1
6174 21
6175 5
6176 4
6177 1
6178 1
6179 1
6180 2
6181 1
6182 1
6183 3
6184 2
6185 1
6186 1
6187 1
6188 2
6189 1
6190 1
6191 1
6192 12
6193 1
6194 1
6195 1
6196 2
6197 1
6198 1
6199 1
6200 10
6201 3
6202 1
6203 1
6204 2
6205 1
6206 1
6207 1
6208 8
6209 1
6210 3
6211 1
6212 2
6213 1
6214 1
6215 1
6216 2
6217 1
6218 1
6219 3
6220 2
6221 1
6222 1
6223 7
6224 4
6225 5
6226 1
6227 1
6228 6
6229 1
6230 1
6231 1
6232 2
6233 1
6234 1
6235 1
6236 2
6237 9
6238 1
6239 1
6240 4
6241 79
6242 1
6243 1
6244 2
6245 1
6246 3
6247 1
6248 2
6249 1
6250 25
6251 1
6252 2
6253 13
6254 1
6255 3
6256 4
6257 1
6258 1
6259 1
6260 2
6261 1
6262 1
6263 1
6264 6
6265 1
6266 1
6267 1
6268 2
6269 1
6270 1
6271 1
6272 56
6273 3
6274 1
6275 5
6276 2
6277 1
6278 1
6279 1
6280 2
6281 1
6282 3
6283 1
6284 2
6285 1
6286 1
6287 1
6288 4
6289 1
6290 1
6291 3
6292 22
6293 1
6294 1
6295 1
6296 2
6297 1
6298 1
6299 1
6300 30
6301 1
6302 1
6303 1
6304 4
6305 1
6306 1
6307 1
6308 2
6309 3
6310 1
6311 1
6312 2
6313 1
6314 1
6315 1
6316 2
6317 1
6318 9
6319 1
6320 4
6321 7
6322 1
6323 1
6324 2
6325 5
6326 1
6327 3
6328 2
6329 1
6330 1
6331 1
6332 2
6333 1
6334 1
6335 1
6336 24
6337 1
6338 1
6339 1
6340 2
6341 1
6342 1
6343 1
6344 2
6345 3
6346 1
6347 1
6348 46
6349 1
6350 5
6351 1
6352 4
6353 1
6354 3
6355 1
6356 2
6357 1
6358 17
6359 1
6360 2
6361 1
6362 1
6363 3
6364 2
6365 1
6366 1
6367 1
6368 4
6369 1
6370 7
6371 1
6372 6
6373 1
6374 1
6375 5
6376 2
6377 1
6378 1
6379 1
6380 2
6381 3
6382 1
6383 1
6384 4
6385 1
6386 1
6387 1
6388 2
6389 1
6390 3
6391 1
6392 2
6393 1
6394 1
6395 1
6396 2
6397 1
6398 1
6399 9
6400 80
6401 1
6402 1
6403 1
6404 2
6405 1
6406 1
6407 1
6408 6
6409 1
6410 1
6411 1
6412 2
6413 11
6414 1
6415 1
6416 4
6417 3
6418 1
6419 7
6420 2
6421 1
6422 13
6423 1
6424 2
6425 5
6426 3
6427 1
6428 2
6429 1
6430 1
6431 1
6432 4
6433 1
6434 1
6435 3
6436 2
6437 1
6438 1
6439 1
6440 2
6441 1
6442 1
6443 1
6444 6
6445 1
6446 1
6447 1
6448 4
6449 1
6450 5
6451 1
6452 2
6453 3
6454 1
6455 1
6456 2
6457 1
6458 1
6459 1
6460 2
6461 1
6462 3
6463 1
6464 8
6465 1
6466 1
6467 1
6468 14
6469 1
6470 1
6471 3
6472 2
6473 1
6474 1
6475 5
6476 2
6477 1
6478 1
6479 1
6480 36
6481 1
6482 1
6483 1
6484 2
6485 1
6486 1
6487 1
6488 2
6489 3
6490 1
6491 1
6492 2
6493 1
6494 1
6495 1
6496 4
6497 1
6498 57
6499 1
6500 10
6501 1
6502 1
6503 1
6504 2
6505 1
6506 1
6507 3
6508 2
6509 1
6510 1
6511 1
6512 4
6513 1
6514 1
6515 1
6516 6
6517 7
6518 1
6519 1
6520 2
6521 1
6522 1
6523 1
6524 2
6525 15
6526 1
6527 1
6528 8
6529 1
6530 1
6531 1
6532 2
6533 1
6534 33
6535 1
6536 2
6537 1
6538 1
6539 1
6540 2
6541 1
6542 1
6543 3
6544 4
6545 1
6546 1
6547 1
6548 2
6549 1
6550 5
6551 1
6552 6
6553 1
6554 1
6555 1
6556 2
6557 1
6558 1
6559 1
6560 4
6561 81
6562 1
6563 1
6564 2
6565 1
6566 7
6567 1
6568 2
6569 1
6570 3
6571 1
6572 2
6573 1
6574 1
6575 5
6576 4
6577 1
6578 1
6579 3
6580 2
6581 1
6582 1
6583 1
6584 2
6585 1
6586 1
6587 1
6588 6
6589 1
6590 1
6591 13
6592 8
6593 1
6594 1
6595 1
6596 2
6597 3
6598 1
6599 1
6600 10
6601 1
6602 1
6603 1
6604 2
6605 1
6606 3
6607 1
6608 4
6609 1
6610 1
6611 1
6612 2
6613 1
6614 1
6615 21
6616 2
6617 1
6618 1
6619 1
6620 2
6621 1
6622 1
6623 1
6624 12
6625 5
6626 1
6627 47
6628 2
6629 1
6630 1
6631 1
6632 2
6633 3
6634 1
6635 1
6636 2
6637 1
6638 1
6639 1
6640 4
6641 1
6642 9
6643 1
6644 2
6645 1
6646 1
6647 17
6648 2
6649 1
6650 5
6651 3
6652 2
6653 1
6654 1
6655 11
6656 16
6657 1
6658 1
6659 1
6660 6
6661 1
6662 1
6663 1
6664 14
6665 1
6666 1
6667 1
6668 2
6669 3
6670 1
6671 1
6672 4
6673 1
6674 1
6675 5
6676 2
6677 1
6678 3
6679 1
6680 2
6681 1
6682 1
6683 1
6684 2
6685 1
6686 1
6687 3
6688 4
6689 1
6690 1
6691 1
6692 2
6693 1
6694 1
6695 1
6696 6
6697 1
6698 1
6699 1
6700 10
6701 1
6702 1
6703 1
6704 4
6705 3
6706 1
6707 1
6708 2
6709 1
6710 1
6711 1
6712 2
6713 7
6714 3
6715 1
6716 2
6717 1
6718 1
6719 1
6720 8
6721 1
6722 1
6723 9
6724 82
6725 5
6726 1
6727 31
6728 58
6729 1
6730 1
6731 1
6732 6
6733 1
6734 1
6735 1
6736 4
6737 1
6738 1
6739 1
6740 2
6741 3
6742 1
6743 1
6744 2
6745 1
6746 1
6747 1
6748 2
6749 1
6750 15
6751 1
6752 4
6753 1
6754 1
6755 1
6756 2
6757 1
6758 1
6759 3
6760 26
6761 1
6762 7
6763 1
6764 2
6765 1
6766 1
6767 1
6768 12
6769 1
6770 1
6771 1
6772 2
6773 1
6774 1
6775 5
6776 22
6777 3
6778 1
6779 1
6780 2
6781 1
6782 1
6783 1
6784 8
6785 1
6786 3
6787 1
6788 2
6789 1
6790 1
6791 1
6792 2
6793 1
6794 1
6795 3
6796 2
6797 1
6798 1
6799 1
6800 20
6801 1
6802 1
6803 1
6804 18
6805 1
6806 1
6807 1
6808 2
6809 1
6810 1
6811 7
6812 2
6813 3
6814 1
6815 1
6816 4
6817 1
6818 1
6819 1
6820 2
6821 1
6822 3
6823 1
6824 2
6825 5
6826 1
6827 1
6828 2
6829 1
6830 1
6831 3
6832 4
6833 1
6834 1
6835 1
6836 2
6837 1
6838 1
6839 1
6840 6
6841 1
6842 1
6843 1
6844 2
6845 37
6846 1
6847 1
6848 8
6849 3
6850 5
6851 1
6852 2
6853 1
6854 1
6855 1
6856 2
6857 1
6858 3
6859 19
6860 14
6861 1
6862 1
6863 1
6864 4
6865 1
6866 1
6867 3
6868 2
6869 1
6870 1
6871 1
6872 2
6873 1
6874 1
6875 25
6876 6
6877 23
6878 1
6879 1
6880 4
6881 1
6882 1
6883 1
6884 2
6885 9
6886 1
6887 1
6888 2
6889 83
6890 1
6891 1
6892 2
6893 1
6894 3
6895 1
6896 4
6897 11
6898 1
6899 1
6900 10
6901 1
6902 1
6903 3
6904 2
6905 1
6906 1
6907 1
6908 2
6909 7
6910 1
6911 1
6912 48
6913 1
6914 1
6915 1
6916 2
6917 1
6918 1
6919 1
6920 2
6921 3
6922 1
6923 1
6924 2
6925 5
6926 1
6927 1
6928 4
6929 13
6930 3
6931 1
6932 2
6933 1
6934 1
6935 1
6936 34
6937 1
6938 1
6939 3
6940 2
6941 1
6942 1
6943 1
6944 4
6945 1
6946 1
6947 1
6948 6
6949 1
6950 5
6951 1
6952 2
6953 1
6954 1
6955 1
6956 2
6957 3
6958 7
6959 1
6960 4
6961 1
6962 59
6963 1
6964 2
6965 1
6966 9
6967 1
6968 2
6969 1
6970 1
6971 1
6972 2
6973 1
6974 1
6975 15
6976 8
6977 1
6978 1
6979 1
6980 2
6981 1
6982 1
6983 1
6984 6
6985 1
6986 1
6987 1
6988 2
6989 1
6990 1
6991 1
6992 4
6993 3
6994 1
6995 1
6996 2
6997 1
6998 1
6999 1
7000 10
7001 1
7002 3
7003 1
7004 2
7005 1
7006 1
7007 7
7008 4
7009 1
7010 1
7011 3
7012 2
7013 1
7014 1
7015 1
7016 2
7017 1
7018 11
7019 1
7020 6
7021 1
7022 1
7023 1
7024 4
7025 5
7026 1
7027 1
7028 2
7029 3
7030 1
7031 1
7032 2
7033 1
7034 1
7035 1
7036 2
7037 1
7038 3
7039 1
7040 8
7041 1
7042 1
7043 1
7044 2
7045 1
7046 1
7047 9
7048 2
7049 1
7050 5
7051 1
7052 2
7053 1
7054 1
7055 1
7056 84
7057 1
7058 1
7059 1
7060 2
7061 1
7062 1
7063 1
7064 2
7065 3
7066 1
7067 1
7068 2
7069 1
7070 1
7071 1
7072 4
7073 1
7074 3
7075 5
7076 2
7077 1
7078 1
7079 1
7080 2
7081 1
7082 1
7083 3
7084 2
7085 1
7086 1
7087 1
7088 4
7089 1
7090 1
7091 1
7092 6
7093 1
7094 1
7095 1
7096 2
7097 1
7098 13
7099 1
7100 10
7101 3
7102 1
7103 1
7104 8
7105 7
7106 1
7107 1
7108 2
7109 1
7110 3
7111 1
7112 2
7113 1
7114 1
7115 1
7116 2
7117 1
7118 1
7119 3
7120 4
7121 1
7122 1
7123 1
7124 2
7125 5
7126 1
7127 1
7128 18
7129 1
7130 1
7131 1
7132 2
7133 1
7134 1
7135 1
7136 4
7137 3
7138 1
7139 11
7140 2
7141 1
7142 1
7143 1
7144 2
7145 1
7146 3
7147 1
7148 2
7149 1
7150 5
7151 1
7152 4
7153 1
7154 7
7155 3
7156 2
7157 1
7158 1
7159 1
7160 2
7161 1
7162 1
7163 1
7164 6
7165 1
7166 1
7167 1
7168 32
7169 1
7170 1
7171 1
7172 2
7173 3
7174 1
7175 5
7176 2
7177 1
7178 1
7179 1
7180 2
7181 1
7182 3
7183 1
7184 4
7185 1
7186 1
7187 1
7188 2
7189 1
7190 1
7191 3
7192 2
7193 1
7194 1
7195 1
7196 2
7197 1
7198 1
7199 1
7200 60
7201 1
7202 1
7203 49
7204 2
7205 1
7206 1
7207 1
7208 2
7209 9
7210 1
7211 1
7212 2
7213 1
7214 1
7215 1
7216 4
7217 1
7218 3
7219 1
7220 38
7221 1
7222 1
7223 1
7224 2
7225 85
7226 1
7227 3
7228 2
7229 1
7230 1
7231 1
7232 8
7233 1
7234 1
7235 1
7236 6
7237 1
7238 1
7239 1
7240 2
7241 1
7242 1
7243 1
7244 2
7245 3
7246 1
7247 1
7248 4
7249 1
7250 5
7251 1
7252 14
7253 1
7254 3
7255 1
7256 2
7257 1
7258 1
7259 1
7260 22
7261 1
7262 1
7263 3
7264 4
7265 1
7266 1
7267 13
7268 2
7269 1
7270 1
7271 1
7272 6
7273 1
7274 1
7275 5
7276 2
7277 1
7278 1
7279 1
7280 4
7281 3
7282 1
7283 1
7284 2
7285 1
7286 1
7287 1
7288 2
7289 1
7290 27
7291 1
7292 2
7293 1
7294 1
7295 1
7296 8
7297 1
7298 1
7299 3
7300 10
7301 7
7302 1
7303 1
7304 2
7305 1
7306 1
7307 1
7308 6
7309 1
7310 1
7311 1
7312 4
7313 1
7314 1
7315 1
7316 2
7317 3
7318 1
7319 1
7320 2
7321 1
7322 1
7323 1
7324 2
7325 5
7326 3
7327 1
7328 4
7329 1
7330 1
7331 1
7332 2
7333 1
7334 1
7335 3
7336 2
7337 1
7338 1
7339 1
7340 2
7341 1
7342 1
7343 1
7344 12
7345 1
7346 1
7347 1
7348 2
7349 1
7350 35
7351 1
7352 2
7353 3
7354 1
7355 1
7356 2
7357 1
7358 1
7359 1
7360 8
7361 1
7362 3
7363 1
7364 2
7365 1
7366 1
7367 1
7368 2
7369 1
7370 1
7371 9
7372 2
7373 1
7374 1
7375 5
7376 4
7377 1
7378 1
7379 1
7380 6
7381 11
7382 1
7383 1
7384 2
7385 1
7386 1
7387 1
7388 2
7389 3
7390 1
7391 1
7392 4
7393 1
7394 1
7395 1
7396 86
7397 1
7398 3
7399 7
7400 10
7401 1
7402 1
7403 1
7404 2
7405 1
7406 23
7407 3
7408 4
7409 1
7410 1
7411 1
7412 2
7413 1
7414 1
7415 1
7416 6
7417 1
7418 1
7419 1
7420 2
7421 1
7422 1
7423 1
7424 16
7425 15
7426 1
7427 1
7428 2
7429 1
7430 1
7431 1
7432 2
7433 1
7434 3
7435 1
7436 26
7437 1
7438 1
7439 1
7440 4
7441 1
7442 61
7443 3
7444 2
7445 1
7446 1
7447 1
7448 14
7449 1
7450 5
7451 1
7452 18
7453 1
7454 1
7455 1
7456 4
7457 1
7458 1
7459 1
7460 2
7461 3
7462 1
7463 1
7464 2
7465 1
7466 1
7467 1
7468 2
7469 1
7470 3
7471 1
7472 4
7473 1
7474 1
7475 5
7476 2
7477 1
7478 1
7479 3
7480 2
7481 1
7482 1
7483 1
7484 2
7485 1
7486 1
7487 1
7488 24
7489 1
7490 1
7491 1
7492 2
7493 1
7494 1
7495 1
7496 2
7497 21
7498 1
7499 1
7500 50
7501 1
7502 11
7503 1
7504 4
7505 1
7506 3
7507 1
7508 2
7509 1
7510 1
7511 1
7512 2
7513 1
7514 17
7515 3
7516 2
7517 1
7518 1
7519 1
7520 4
7521 1
7522 1
7523 1
7524 6
7525 5
7526 1
7527 1
7528 2
7529 1
7530 1
7531 1
7532 2
7533 9
7534 1
7535 1
7536 4
7537 1
7538 1
7539 1
7540 2
7541 1
7542 3
7543 1
7544 2
7545 1
7546 7
7547 1
7548 2
7549 1
7550 5
7551 3
7552 8
7553 1
7554 1
7555 1
7556 2
7557 1
7558 1
7559 1
7560 6
7561 1
7562 1
7563 1
7564 2
7565 1
7566 1
7567 1
7568 4
7569 87
7570 1
7571 1
7572 2
7573 1
7574 1
7575 5
7576 2
7577 1
7578 3
7579 1
7580 2
7581 19
7582 1
7583 1
7584 4
7585 1
7586 1
7587 3
7588 2
7589 1
7590 1
7591 1
7592 2
7593 1
7594 1
7595 7
7596 6
7597 1
7598 1
7599 1
7600 20
7601 1
7602 1
7603 1
7604 2
7605 39
7606 1
7607 1
7608 2
7609 1
7610 1
7611 1
7612 2
7613 1
7614 9
7615 1
7616 8
7617 1
7618 1
7619 1
7620 2
7621 1
7622 1
7623 33
7624 2
7625 5
7626 1
7627 1
7628 2
7629 1
7630 1
7631 1
7632 12
7633 1
7634 1
7635 1
7636 2
7637 1
7638 1
7639 1
7640 2
7641 3
7642 1
7643 1
7644 14
7645 1
7646 1
7647 1
7648 4
7649 1
7650 15
7651 1
7652 2
7653 1
7654 1
7655 1
7656 2
7657 1
7658 1
7659 3
7660 2
7661 1
7662 1
7663 1
7664 4
7665 1
7666 1
7667 1
7668 6
7669 1
7670 1
7671 1
7672 2
7673 1
7674 1
7675 5
7676 2
7677 3
7678 1
7679 1
7680 16
7681 1
7682 1
7683 1
7684 2
7685 1
7686 3
7687 1
7688 62
7689 1
7690 1
7691 1
7692 2
7693 7
7694 1
7695 9
7696 4
7697 1
7698 1
7699 1
7700 10
7701 1
7702 1
7703 1
7704 6
7705 1
7706 1
7707 1
7708 2
7709 1
7710 1
7711 1
7712 4
7713 3
7714 1
7715 1
7716 2
7717 1
7718 1
7719 1
7720 2
7721 1
7722 3
7723 1
7724 2
7725 5
7726 1
7727 1
7728 4
7729 1
7730 1
7731 3
7732 2
7733 1
7734 1
7735 1
7736 2
7737 1
7738 1
7739 1
7740 6
7741 1
7742 7
7743 1
7744 88
7745 1
7746 1
7747 1
7748 2
7749 3
7750 5
7751 1
7752 2
7753 1
7754 1
7755 1
7756 2
7757 1
7758 3
7759 1
7760 4
7761 1
7762 1
7763 1
7764 2
7765 1
7766 1
7767 3
7768 2
7769 1
7770 1
7771 1
7772 2
7773 1
7774 13
7775 5
7776 36
7777 1
7778 1
7779 1
7780 2
7781 1
7782 1
7783 1
7784 2
7785 3
7786 1
7787 1
7788 2
7789 1
7790 1
7791 7
7792 4
7793 1
7794 3
7795 1
7796 2
7797 1
7798 1
7799 1
7800 10
7801 1
7802 1
7803 51
7804 2
7805 1
7806 1
7807 1
7808 8
7809 1
7810 1
7811 1
7812 6
7813 1
7814 1
7815 1
7816 2
7817 1
7818 1
7819 1
7820 2
7821 3
7822 1
7823 1
7824 4
7825 5
7826 1
7827 1
7828 2
7829 1
7830 3
7831 1
7832 2
7833 1
7834 1
7835 1
7836 2
7837 1
7838 1
7839 3
7840 28
7841 1
7842 1
7843 1
7844 2
7845 1
7846 1
7847 1
7848 6
7849 1
7850 5
7851 1
7852 2
7853 1
7854 1
7855 1
7856 4
7857 9
7858 1
7859 1
7860 2
7861 1
7862 1
7863 1
7864 2
7865 11
7866 3
7867 1
7868 2
7869 1
7870 1
7871 1
7872 8
7873 1
7874 1
7875 15
7876 2
7877 1
7878 1
7879 1
7880 2
7881 1
7882 1
7883 1
7884 6
7885 1
7886 1
7887 1
7888 4
7889 7
7890 1
7891 1
7892 2
7893 3
7894 1
7895 1
7896 2
7897 1
7898 1
7899 1
7900 10
7901 1
7902 3
7903 1
7904 4
7905 1
7906 1
7907 1
7908 2
7909 1
7910 1
7911 3
7912 2
7913 1
7914 1
7915 1
7916 2
7917 1
7918 1
7919 1
7920 12
7921 89
7922 1
7923 1
7924 2
7925 5
7926 1
7927 1
7928 2
7929 3
7930 1
7931 1
7932 2
7933 1
7934 1
7935 23
7936 16
7937 1
7938 63
7939 1
7940 2
7941 1
7942 19
7943 13
7944 2
7945 1
7946 1
7947 3
7948 2
7949 1
7950 5
7951 1
7952 4
7953 1
7954 1
7955 1
7956 6
7957 1
7958 1
7959 1
7960 2
7961 1
7962 1
7963 1
7964 2
7965 3
7966 1
7967 1
7968 4
7969 1
7970 1
7971 1
7972 2
7973 1
7974 3
7975 5
7976 2
7977 1
7978 1
7979 1
7980 2
7981 1
7982 1
7983 3
7984 4
7985 1
7986 11
7987 7
7988 2
7989 1
7990 1
7991 1
7992 6
7993 1
7994 1
7995 1
7996 2
7997 1
7998 1
7999 1
8000 40
8001 3
8002 1
8003 1
8004 2
8005 1
8006 1
8007 1
8008 2
8009 1
8010 3
8011 1
8012 2
8013 1
8014 1
8015 1
8016 4
8017 1
8018 1
8019 27
8020 2
8021 1
8022 1
8023 1
8024 2
8025 5
8026 1
8027 1
8028 6
8029 1
8030 1
8031 1
8032 4
8033 1
8034 1
8035 1
8036 14
8037 3
8038 1
8039 1
8040 2
8041 1
8042 1
8043 1
8044 2
8045 1
8046 3
8047 1
8048 4
8049 1
8050 5
8051 1
8052 2
8053 1
8054 1
8055 3
8056 2
8057 1
8058 1
8059 1
8060 2
8061 1
8062 1
8063 1
8064 24
8065 1
8066 1
8067 1
8068 2
8069 1
8070 1
8071 1
8072 2
8073 3
8074 1
8075 5
8076 2
8077 1
8078 1
8079 1
8080 4
8081 1
8082 3
8083 1
8084 2
8085 7
8086 1
8087 1
8088 2
8089 1
8090 1
8091 3
8092 34
8093 1
8094 1
8095 1
8096 4
8097 1
8098 1
8099 1
8100 90
8101 1
8102 1
8103 1
8104 2
8105 1
8106 1
8107 11
8108 2
8109 3
8110 1
8111 1
8112 52
8113 1
8114 1
8115 1
8116 2
8117 1
8118 3
8119 1
8120 2
8121 1
8122 1
8123 1
8124 2
8125 25
8126 1
8127 3
8128 8
8129 1
8130 1
8131 1
8132 2
8133 1
8134 7
8135 1
8136 6
8137 1
8138 1
8139 1
8140 2
8141 1
8142 1
8143 1
8144 4
8145 3
8146 1
8147 1
8148 2
8149 1
8150 5
8151 1
8152 2
8153 1
8154 3
8155 1
8156 2
8157 1
8158 1
8159 1
8160 4
8161 1
8162 1
8163 3
8164 2
8165 1
8166 1
8167 1
8168 2
8169 1
8170 1
8171 1
8172 6
8173 1
8174 1
8175 5
8176 4
8177 1
8178 1
8179 1
8180 2
8181 9
8182 1
8183 7
8184 2
8185 1
8186 1
8187 1
8188 2
8189 1
8190 3
8191 1
8192 64
8193 1
8194 1
8195 1
8196 2
8197 1
8198 1
8199 3
8200 10
8201 1
8202 1
8203 1
8204 2
8205 1
8206 1
8207 1
8208 12
8209 1
8210 1
8211 1
8212 2
8213 1
8214 37
8215 1
8216 2
8217 3
8218 1
8219 1
8220 2
8221 1
8222 1
8223 1
8224 4
8225 5
8226 3
8227 1
8228 22
8229 1
8230 1
8231 1
8232 14
8233 1
8234 1
8235 3
8236 2
8237 1
8238 1
8239 1
8240 4
8241 1
8242 1
8243 1
8244 6
8245 1
8246 1
8247 1
8248 2
8249 1
8250 5
8251 1
8252 2
8253 3
8254 1
8255 1
8256 8
8257 1
8258 1
8259 1
8260 2
8261 1
8262 9
8263 1
8264 2
8265 1
8266 1
8267 1
8268 2
8269 1
8270 1
8271 3
8272 4
8273 1
8274 1
8275 5
8276 2
8277 1
8278 1
8279 1
8280 6
8281 91
8282 1
8283 1
8284 2
8285 1
8286 1
8287 1
8288 4
8289 3
8290 1
8291 1
8292 2
8293 1
8294 1
8295 1
8296 2
8297 1
8298 3
8299 1
8300 10
8301 1
8302 1
8303 19
8304 4
8305 1
8306 1
8307 3
8308 2
8309 1
8310 1
8311 1
8312 2
8313 1
8314 1
8315 1
8316 6
8317 1
8318 1
8319 1
8320 8
8321 1
8322 1
8323 1
8324 2
8325 15
8326 1
8327 1
8328 2
8329 1
8330 7
8331 1
8332 2
8333 1
8334 3
8335 1
8336 4
8337 1
8338 1
8339 1
8340 2
8341 1
8342 1
8343 9
8344 2
8345 1
8346 1
8347 1
8348 2
8349 11
8350 5
8351 1
8352 12
8353 1
8354 1
8355 1
8356 2
8357 1
8358 1
8359 1
8360 2
8361 3
8362 1
8363 1
8364 2
8365 1
8366 1
8367 1
8368 4
8369 1
8370 3
8371 1
8372 2
8373 1
8374 1
8375 5
8376 2
8377 1
8378 1
8379 21
8380 2
8381 17
8382 1
8383 1
8384 8
8385 1
8386 1
8387 1
8388 6
8389 1
8390 1
8391 1
8392 2
8393 1
8394 1
8395 1
8396 2
8397 3
8398 1
8399 1
8400 20
8401 1
8402 1
8403 1
8404 2
8405 41
8406 3
8407 1
8408 2
8409 1
8410 29
8411 1
8412 2
8413 1
8414 1
8415 3
8416 4
8417 1
8418 1
8419 1
8420 2
8421 1
8422 1
8423 1
8424 18
8425 5
8426 1
8427 53
8428 14
8429 1
8430 1
8431 1
8432 4
8433 3
8434 1
8435 1
8436 2
8437 1
8438 1
8439 1
8440 2
8441 1
8442 3
8443 1
8444 2
8445 1
8446 1
8447 1
8448 16
8449 1
8450 65
8451 3
8452 2
8453 1
8454 1
8455 1
8456 2
8457 1
8458 1
8459 1
8460 6
8461 1
8462 1
8463 1
8464 92
8465 1
8466 1
8467 1
8468 2
8469 3
8470 11
8471 1
8472 2
8473 1
8474 1
8475 5
8476 2
8477 7
8478 3
8479 1
8480 4
8481 1
8482 1
8483 1
8484 2
8485 1
8486 1
8487 3
8488 2
8489 1
8490 1
8491 1
8492 2
8493 1
8494 1
8495 1
8496 12
8497 1
8498 1
8499 1
8500 10
8501 1
8502 1
8503 1
8504 2
8505 9
8506 1
8507 1
8508 2
8509 1
8510 1
8511 1
8512 8
8513 1
8514 3
8515 1
8516 2
8517 1
8518 1
8519 1
8520 2
8521 1
8522 1
8523 3
8524 2
8525 5
8526 7
8527 1
8528 4
8529 1
8530 1
8531 1
8532 6
8533 1
8534 1
8535 1
8536 2
8537 1
8538 1
8539 1
8540 2
8541 3
8542 1
8543 1
8544 4
8545 1
8546 1
8547 1
8548 2
8549 1
8550 15
8551 1
8552 2
8553 1
8554 1
8555 1
8556 2
8557 1
8558 1
8559 3
8560 4
8561 1
8562 1
8563 1
8564 2
8565 1
8566 1
8567 1
8568 6
8569 1
8570 1
8571 1
8572 2
8573 1
8574 1
8575 35
8576 8
8577 3
8578 1
8579 1
8580 2
8581 1
8582 1
8583 1
8584 2
8585 1
8586 9
8587 1
8588 2
8589 1
8590 1
8591 11
8592 4
8593 1
8594 1
8595 3
8596 2
8597 1
8598 1
8599 1
8600 10
8601 1
8602 1
8603 1
8604 6
8605 1
8606 1
8607 1
8608 4
8609 1
8610 1
8611 1
8612 2
8613 3
8614 1
8615 1
8616 2
8617 1
8618 1
8619 13
8620 2
8621 1
8622 3
8623 1
8624 28
8625 5
8626 1
8627 1
8628 2
8629 1
8630 1
8631 3
8632 2
8633 1
8634 1
8635 1
8636 2
8637 1
8638 1
8639 1
8640 24
8641 1
8642 1
8643 1
8644 2
8645 1
8646 1
8647 1
8648 2
8649 93
8650 5
8651 1
8652 2
8653 1
8654 1
8655 1
8656 4
8657 1
8658 3
8659 1
8660 2
8661 1
8662 1
8663 1
8664 38
8665 1
8666 1
8667 9
8668 2
8669 1
8670 17
8671 1
8672 4
8673 7
8674 1
8675 5
8676 6
8677 1
8678 1
8679 1
8680 2
8681 1
8682 1
8683 1
8684 2
8685 3
8686 1
8687 1
8688 4
8689 1
8690 1
8691 1
8692 2
8693 1
8694 3
8695 1
8696 2
8697 1
8698 1
8699 1
8700 10
8701 1
8702 1
8703 3
8704 16
8705 1
8706 1
8707 1
8708 2
8709 1
8710 1
8711 1
8712 66
8713 1
8714 1
8715 1
8716 2
8717 1
8718 1
8719 1
8720 4
8721 3
8722 7
8723 1
8724 2
8725 5
8726 1
8727 1
8728 2
8729 1
8730 3
8731 1
8732 2
8733 1
8734 1
8735 1
8736 4
8737 1
8738 1
8739 3
8740 2
8741 1
8742 1
8743 1
8744 2
8745 1
8746 1
8747 1
8748 54
8749 1
8750 25
8751 1
8752 4
8753 1
8754 1
8755 1
8756 2
8757 3
8758 1
8759 1
8760 2
8761 1
8762 1
8763 1
8764 2
8765 1
8766 3
8767 1
8768 8
8769 1
8770 1
8771 7
8772 2
8773 1
8774 1
8775 15
8776 2
8777 1
8778 1
8779 1
8780 2
8781 1
8782 1
8783 1
8784 12
8785 1
8786 1
8787 1
8788 26
8789 1
8790 1
8791 1
8792 2
8793 3
8794 1
8795 1
8796 2
8797 1
8798 1
8799 1
8800 20
8801 1
8802 3
8803 1
8804 2
8805 1
8806 1
8807 1
8808 2
8809 1
8810 1
8811 3
8812 2
8813 1
8814 1
8815 1
8816 4
8817 1
8818 1
8819 1
8820 42
8821 1
8822 1
8823 1
8824 2
8825 5
8826 1
8827 1
8828 2
8829 9
8830 1
8831 1
8832 8
8833 11
8834 1
8835 1
8836 94
8837 1
8838 3
8839 1
8840 2
8841 1
8842 1
8843 1
8844 2
8845 1
8846 1
8847 3
8848 4
8849 1
8850 5
8851 1
8852 2
8853 1
8854 1
8855 1
8856 6
8857 1
8858 1
8859 1
8860 2
8861 1
8862 1
8863 1
8864 4
8865 3
8866 1
8867 1
8868 2
8869 7
8870 1
8871 1
8872 2
8873 1
8874 3
8875 5
8876 2
8877 1
8878 1
8879 1
8880 4
8881 1
8882 1
8883 3
8884 2
8885 1
8886 1
8887 1
8888 2
8889 1
8890 1
8891 1
8892 6
8893 1
8894 1
8895 1
8896 8
8897 1
8898 1
8899 1
8900 10
8901 3
8902 1
8903 1
8904 2
8905 1
8906 1
8907 1
8908 2
8909 1
8910 9
8911 1
8912 4
8913 1
8914 1
8915 1
8916 2
8917 1
8918 7
8919 3
8920 2
8921 1
8922 1
8923 1
8924 2
8925 5
8926 1
8927 1
8928 12
8929 1
8930 1
8931 1
8932 2
8933 1
8934 1
8935 1
8936 2
8937 3
8938 1
8939 1
8940 2
8941 1
8942 1
8943 1
8944 4
8945 1
8946 3
8947 1
8948 2
8949 1
8950 5
8951 1
8952 2
8953 1
8954 11
8955 3
8956 2
8957 13
8958 1
8959 17
8960 16
8961 1
8962 1
8963 1
8964 6
8965 1
8966 1
8967 7
8968 2
8969 1
8970 1
8971 1
8972 2
8973 3
8974 1
8975 5
8976 4
8977 1
8978 67
8979 1
8980 2
8981 1
8982 3
8983 1
8984 2
8985 1
8986 1
8987 1
8988 2
8989 1
8990 1
8991 9
8992 4
8993 23
8994 1
8995 1
8996 2
8997 1
8998 1
8999 1
9000 30
9001 1
9002 1
9003 1
9004 2
9005 1
9006 1
9007 1
9008 4
9009 3
9010 1
9011 1
9012 2
9013 1
9014 1
9015 1
9016 14
9017 1
9018 3
9019 1
9020 2
9021 1
9022 1
9023 1
9024 8
9025 95
9026 1
9027 3
9028 2
9029 1
9030 1
9031 1
9032 2
9033 1
9034 1
9035 1
9036 6
9037 1
9038 1
9039 1
9040 4
9041 1
9042 1
9043 1
9044 2
9045 3
9046 1
9047 1
9048 2
9049 1
9050 5
9051 1
9052 2
9053 1
9054 3
9055 1
9056 4
9057 1
9058 1
9059 1
9060 2
9061 1
9062 1
9063 3
9064 2
9065 7
9066 1
9067 1
9068 2
9069 1
9070 1
9071 1
9072 36
9073 1
9074 1
9075 55
9076 2
9077 1
9078 1
9079 1
9080 2
9081 3
9082 1
9083 1
9084 2
9085 1
9086 1
9087 1
9088 8
9089 1
9090 3
9091 1
9092 2
9093 1
9094 1
9095 1
9096 2
9097 1
9098 1
9099 3
9100 10
9101 1
9102 1
9103 1
9104 4
9105 1
9106 1
9107 1
9108 6
9109 1
9110 1
9111 1
9112 2
9113 1
9114 7
9115 1
9116 2
9117 3
9118 1
9119 1
9120 4
9121 1
9122 1
9123 1
9124 2
9125 5
9126 39
9127 1
9128 2
9129 1
9130 1
9131 1
9132 2
9133 1
9134 1
9135 3
9136 4
9137 1
9138 1
9139 1
9140 2
9141 1
9142 1
9143 1
9144 6
9145 1
9146 1
9147 1
9148 2
9149 1
9150 5
9151 1
9152 8
9153 9
9154 1
9155 1
9156 2
9157 1
9158 1
9159 1
9160 2
9161 1
9162 3
9163 7
9164 2
9165 1
9166 1
9167 1
9168 4
9169 1
9170 1
9171 3
9172 2
9173 1
9174 1
9175 5
9176 2
9177 1
9178 1
9179 1
9180 6
9181 1
9182 1
9183 1
9184 4
9185 1
9186 1
9187 1
9188 2
9189 3
9190 1
9191 1
9192 2
9193 1
9194 1
9195 1
9196 22
9197 1
9198 3
9199 1
9200 20
9201 1
9202 1
9203 1
9204 2
9205 1
9206 1
9207 3
9208 2
9209 1
9210 1
9211 1
9212 14
9213 1
9214 1
9215 1
9216 96
9217 1
9218 1
9219 1
9220 2
9221 1
9222 1
9223 1
9224 2
9225 15
9226 1
9227 1
9228 2
9229 1
9230 1
9231 1
9232 4
9233 1
9234 9
9235 1
9236 2
9237 1
9238 1
9239 1
9240 2
9241 1
9242 1
9243 3
9244 2
9245 43
9246 1
9247 1
9248 68
9249 1
9250 5
9251 29
9252 6
9253 1
9254 1
9255 1
9256 2
9257 1
9258 1
9259 1
9260 2
9261 21
9262 1
9263 1
9264 4
9265 1
9266 1
9267 1
9268 2
9269 1
9270 3
9271 1
9272 2
9273 1
9274 1
9275 5
9276 2
9277 1
9278 1
9279 3
9280 8
9281 1
9282 1
9283 1
9284 2
9285 1
9286 1
9287 1
9288 6
9289 1
9290 1
9291 1
9292 2
9293 1
9294 1
9295 13
9296 4
9297 3
9298 1
9299 1
9300 10
9301 1
9302 1
9303 1
9304 2
9305 1
9306 3
9307 1
9308 2
9309 1
9310 7
9311 1
9312 4
9313 1
9314 1
9315 9
9316 2
9317 11
9318 1
9319 1
9320 2
9321 1
9322 1
9323 1
9324 6
9325 5
9326 1
9327 1
9328 4
9329 1
9330 1
9331 1
9332 2
9333 3
9334 1
9335 1
9336 2
9337 1
9338 1
9339 1
9340 2
9341 1
9342 3
9343 1
9344 8
9345 1
9346 1
9347 1
9348 2
9349 1
9350 5
9351 3
9352 2
9353 1
9354 1
9355 1
9356 2
9357 1
9358 1
9359 7
9360 12
9361 1
9362 1
9363 1
9364 2
9365 1
9366 1
9367 1
9368 2
9369 3
9370 1
9371 1
9372 2
9373 1
9374 1
9375 25
9376 4
9377 1
9378 3
9379 1
9380 2
9381 1
9382 1
9383 1
9384 2
9385 1
9386 19
9387 3
9388 2
9389 1
9390 1
9391 1
9392 4
9393 1
9394 1
9395 1
9396 18
9397 1
9398 1
9399 1
9400 10
9401 1
9402 1
9403 1
9404 2
9405 3
9406 1
9407 1
9408 56
9409 97
9410 1
9411 1
9412 2
9413 1
9414 3
9415 1
9416 2
9417 1
9418 1
9419 1
9420 2
9421 1
9422 1
9423 3
9424 4
9425 5
9426 1
9427 1
9428 2
9429 1
9430 1
9431 1
9432 6
9433 1
9434 1
9435 1
9436 2
9437 1
9438 11
9439 1
9440 4
9441 3
9442 1
9443 1
9444 2
9445 1
9446 1
9447 1
9448 2
9449 1
9450 15
9451 1
9452 2
9453 1
9454 1
9455 1
9456 4
9457 7
9458 1
9459 3
9460 2
9461 1
9462 1
9463 1
9464 26
9465 1
9466 1
9467 1
9468 6
9469 1
9470 1
9471 1
9472 16
9473 1
9474 1
9475 5
9476 2
9477 27
9478 1
9479 1
9480 2
9481 1
9482 1
9483 1
9484 2
9485 1
9486 3
9487 1
9488 4
9489 1
9490 1
9491 1
9492 2
9493 1
9494 1
9495 3
9496 2
9497 1
9498 1
9499 1
9500 10
9501 1
9502 1
9503 1
9504 12
9505 1
9506 7
9507 1
9508 2
9509 1
9510 1
9511 1
9512 2
9513 3
9514 1
9515 1
9516 2
9517 1
9518 1
9519 1
9520 4
9521 1
9522 69
9523 1
9524 2
9525 5
9526 1
9527 1
9528 2
9529 1
9530 1
9531 3
9532 2
9533 1
9534 1
9535 1
9536 8
9537 17
9538 1
9539 1
9540 6
9541 1
9542 1
9543 1
9544 2
9545 1
9546 1
9547 1
9548 2
9549 3
9550 5
9551 1
9552 4
9553 1
9554 1
9555 7
9556 2
9557 1
9558 9
9559 11
9560 2
9561 1
9562 1
9563 1
9564 2
9565 1
9566 1
9567 3
9568 4
9569 1
9570 1
9571 1
9572 2
9573 1
9574 1
9575 5
9576 6
9577 1
9578 1
9579 1
9580 2
9581 1
9582 1
9583 37
9584 4
9585 3
9586 1
9587 1
9588 2
9589 1
9590 1
9591 1
9592 2
9593 1
9594 3
9595 1
9596 2
9597 1
9598 1
9599 1
9600 40
9601 1
9602 1
9603 3
9604 98
9605 1
9606 1
9607 1
9608 2
9609 1
9610 31
9611 1
9612 6
9613 1
9614 1
9615 1
9616 4
9617 1
9618 1
9619 1
9620 2
9621 3
9622 1
9623 1
9624 2
9625 5
9626 1
9627 1
9628 2
9629 1
9630 3
9631 1
9632 4
9633 13
9634 1
9635 1
9636 2
9637 1
9638 1
9639 9
9640 2
9641 1
9642 1
9643 1
9644 2
9645 1
9646 1
9647 1
9648 12
9649 1
9650 5
9651 1
9652 2
9653 7
9654 1
9655 1
9656 2
9657 3
9658 1
9659 1
9660 2
9661 1
9662 1
9663 1
9664 8
9665 1
9666 3
9667 1
9668 2
9669 1
9670 1
9671 1
9672 2
9673 1
9674 1
9675 15
9676 2
9677 1
9678 1
9679 1
9680 44
9681 1
9682 1
9683 1
9684 6
9685 1
9686 1
9687 1
9688 2
9689 1
9690 1
9691 1
9692 2
9693 3
9694 1
9695 1
9696 4
9697 1
9698 1
9699 1
9700 10
9701 1
9702 21
9703 1
9704 2
9705 1
9706 1
9707 1
9708 2
9709 1
9710 1
9711 3
9712 4
9713 1
9714 1
9715 1
9716 2
9717 1
9718 1
9719 1
9720 18
9721 1
9722 1
9723 1
9724 2
9725 5
9726 1
9727 1
9728 16
9729 3
9730 1
9731 1
9732 2
9733 1
9734 1
9735 1
9736 2
9737 1
9738 3
9739 1
9740 2
9741 1
9742 1
9743 1
9744 4
9745 1
9746 1
9747 57
9748 2
9749 1
9750 5
9751 7
9752 2
9753 1
9754 1
9755 1
9756 6
9757 1
9758 1
9759 1
9760 4
9761 1
9762 1
9763 1
9764 2
9765 3
9766 1
9767 1
9768 2
9769 1
9770 1
9771 1
9772 2
9773 1
9774 3
9775 5
9776 4
9777 1
9778 1
9779 1
9780 2
9781 1
9782 1
9783 3
9784 2
9785 1
9786 1
9787 1
9788 2
9789 1
9790 1
9791 1
9792 24
9793 1
9794 1
9795 1
9796 2
9797 1
9798 1
9799 1
9800 70
9801 99
9802 13
9803 1
9804 2
9805 1
9806 1
9807 1
9808 4
9809 1
9810 3
9811 1
9812 2
9813 1
9814 1
9815 1
9816 2
9817 1
9818 1
9819 3
9820 2
9821 1
9822 1
9823 1
9824 4
9825 5
9826 17
9827 1
9828 6
9829 1
9830 1
9831 1
9832 2
9833 1
9834 1
9835 1
9836 2
9837 3
9838 1
9839 1
9840 4
9841 1
9842 1
9843 1
9844 2
9845 1
9846 3
9847 1
9848 2
9849 7
9850 5
9851 1
9852 2
9853 1
9854 1
9855 3
9856 8
9857 1
9858 1
9859 1
9860 2
9861 1
9862 1
9863 1
9864 6
9865 1
9866 1
9867 1
9868 2
9869 1
9870 1
9871 1
9872 4
9873 3
9874 1
9875 5
9876 2
9877 1
9878 1
9879 1
9880 2
9881 1
9882 9
9883 1
9884 2
9885 1
9886 1
9887 1
9888 4
9889 1
9890 1
9891 3
9892 2
9893 1
9894 1
9895 1
9896 2
9897 1
9898 7
9899 1
9900 30
9901 1
9902 1
9903 1
9904 4
9905 1
9906 1
9907 1
9908 2
9909 3
9910 1
9911 1
9912 2
9913 1
9914 1
9915 1
9916 2
9917 1
9918 3
9919 1
9920 8
9921 1
9922 11
9923 1
9924 2
9925 5
9926 1
9927 3
9928 2
9929 1
9930 1
9931 1
9932 2
9933 1
9934 1
9935 1
9936 12
9937 1
9938 1
9939 1
9940 2
9941 1
9942 1
9943 1
9944 2
9945 3
9946 1
9947 7
9948 2
9949 1
9950 5
9951 1
9952 4
9953 1
9954 3
9955 1
9956 2
9957 1
9958 1
9959 1
9960 2
9961 1
9962 1
9963 9
9964 2
9965 1
9966 1
9967 1
9968 4
9969 1
9970 1
9971 13
9972 6
9973 1
9974 1
9975 5
9976 2
9977 1
9978 1
9979 1
9980 2
9981 3
9982 1
9983 1
9984 16
9985 1
9986 1
9987 1
9988 2
9989 1
9990 3
9991 1
9992 2
9993 1
9994 1
9995 1
9996 14
9997 1
9998 1
9999 3
10000 100







