0 0
1 0
2 1
3 0
4 1
5 2
6 0
7 1
8 2
9 3
10 0
11 1
12 2
13 3
14 4
15 0
16 1
17 2
18 3
19 4
20 5
21 0
22 1
23 2
24 3
25 4
26 5
27 6
28 0
29 1
30 2
31 3
32 4
33 5
34 6
35 7
36 0
37 1
38 2
39 3
40 4
41 5
42 6
43 7
44 8
45 0
46 1
47 2
48 3
49 4
50 5
51 6
52 7
53 8
54 9
55 0
56 1
57 2
58 3
59 4
60 5
61 6
62 7
63 8
64 9
65 10
66 0
67 1
68 2
69 3
70 4
71 5
72 6
73 7
74 8
75 9
76 10
77 11
78 0
79 1
80 2
81 3
82 4
83 5
84 6
85 7
86 8
87 9
88 10
89 11
90 12
91 0
92 1
93 2
94 3
95 4
96 5
97 6
98 7
99 8
100 9
101 10
102 11
103 12
104 13
105 0
106 1
107 2
108 3
109 4
110 5
111 6
112 7
113 8
114 9
115 10
116 11
117 12
118 13
119 14
120 0
121 1
122 2
123 3
124 4
125 5
126 6
127 7
128 8
129 9
130 10
131 11
132 12
133 13
134 14
135 15
136 0
137 1
138 2
139 3
140 4
141 5
142 6
143 7
144 8
145 9
146 10
147 11
148 12
149 13
150 14
151 15
152 16
153 0
154 1
155 2
156 3
157 4
158 5
159 6
160 7
161 8
162 9
163 10
164 11
165 12
166 13
167 14
168 15
169 16
170 17
171 0
172 1
173 2
174 3
175 4
176 5
177 6
178 7
179 8
180 9
181 10
182 11
183 12
184 13
185 14
186 15
187 16
188 17
189 18
190 0
191 1
192 2
193 3
194 4
195 5
196 6
197 7
198 8
199 9
200 10
201 11
202 12
203 13
204 14
205 15
206 16
207 17
208 18
209 19
210 0
211 1
212 2
213 3
214 4
215 5
216 6
217 7
218 8
219 9
220 10
221 11
222 12
223 13
224 14
225 15
226 16
227 17
228 18
229 19
230 20
231 0
232 1
233 2
234 3
235 4
236 5
237 6
238 7
239 8
240 9
241 10
242 11
243 12
244 13
245 14
246 15
247 16
248 17
249 18
250 19
251 20
252 21
253 0
254 1
255 2
256 3
257 4
258 5
259 6
260 7
261 8
262 9
263 10
264 11
265 12
266 13
267 14
268 15
269 16
270 17
271 18
272 19
273 20
274 21
275 22
276 0
277 1
278 2
279 3
280 4
281 5
282 6
283 7
284 8
285 9
286 10
287 11
288 12
289 13
290 14
291 15
292 16
293 17
294 18
295 19
296 20
297 21
298 22
299 23
300 0
301 1
302 2
303 3
304 4
305 5
306 6
307 7
308 8
309 9
310 10
311 11
312 12
313 13
314 14
315 15
316 16
317 17
318 18
319 19
320 20
321 21
322 22
323 23
324 24
325 0
326 1
327 2
328 3
329 4
330 5
331 6
332 7
333 8
334 9
335 10
336 11
337 12
338 13
339 14
340 15
341 16
342 17
343 18
344 19
345 20
346 21
347 22
348 23
349 24
350 25
351 0
352 1
353 2
354 3
355 4
356 5
357 6
358 7
359 8
360 9
361 10
362 11
363 12
364 13
365 14
366 15
367 16
368 17
369 18
370 19
371 20
372 21
373 22
374 23
375 24
376 25
377 26
378 0
379 1
380 2
381 3
382 4
383 5
384 6
385 7
386 8
387 9
388 10
389 11
390 12
391 13
392 14
393 15
394 16
395 17
396 18
397 19
398 20
399 21
400 22
401 23
402 24
403 25
404 26
405 27
406 0
407 1
408 2
409 3
410 4
411 5
412 6
413 7
414 8
415 9
416 10
417 11
418 12
419 13
420 14
421 15
422 16
423 17
424 18
425 19
426 20
427 21
428 22
429 23
430 24
431 25
432 26
433 27
434 28
435 0
436 1
437 2
438 3
439 4
440 5
441 6
442 7
443 8
444 9
445 10
446 11
447 12
448 13
449 14
450 15
451 16
452 17
453 18
454 19
455 20
456 21
457 22
458 23
459 24
460 25
461 26
462 27
463 28
464 29
465 0
466 1
467 2
468 3
469 4
470 5
471 6
472 7
473 8
474 9
475 10
476 11
477 12
478 13
479 14
480 15
481 16
482 17
483 18
484 19
485 20
486 21
487 22
488 23
489 24
490 25
491 26
492 27
493 28
494 29
495 30
496 0
497 1
498 2
499 3
500 4
501 5
502 6
503 7
504 8
505 9
506 10
507 11
508 12
509 13
510 14
511 15
512 16
513 17
514 18
515 19
516 20
517 21
518 22
519 23
520 24
521 25
522 26
523 27
524 28
525 29
526 30
527 31
528 0
529 1
530 2
531 3
532 4
533 5
534 6
535 7
536 8
537 9
538 10
539 11
540 12
541 13
542 14
543 15
544 16
545 17
546 18
547 19
548 20
549 21
550 22
551 23
552 24
553 25
554 26
555 27
556 28
557 29
558 30
559 31
560 32
561 0
562 1
563 2
564 3
565 4
566 5
567 6
568 7
569 8
570 9
571 10
572 11
573 12
574 13
575 14
576 15
577 16
578 17
579 18
580 19
581 20
582 21
583 22
584 23
585 24
586 25
587 26
588 27
589 28
590 29
591 30
592 31
593 32
594 33
595 0
596 1
597 2
598 3
599 4
600 5
601 6
602 7
603 8
604 9
605 10
606 11
607 12
608 13
609 14
610 15
611 16
612 17
613 18
614 19
615 20
616 21
617 22
618 23
619 24
620 25
621 26
622 27
623 28
624 29
625 30
626 31
627 32
628 33
629 34
630 0
631 1
632 2
633 3
634 4
635 5
636 6
637 7
638 8
639 9
640 10
641 11
642 12
643 13
644 14
645 15
646 16
647 17
648 18
649 19
650 20
651 21
652 22
653 23
654 24
655 25
656 26
657 27
658 28
659 29
660 30
661 31
662 32
663 33
664 34
665 35
666 0
667 1
668 2
669 3
670 4
671 5
672 6
673 7
674 8
675 9
676 10
677 11
678 12
679 13
680 14
681 15
682 16
683 17
684 18
685 19
686 20
687 21
688 22
689 23
690 24
691 25
692 26
693 27
694 28
695 29
696 30
697 31
698 32
699 33
700 34
701 35
702 36
703 0
704 1
705 2
706 3
707 4
708 5
709 6
710 7
711 8
712 9
713 10
714 11
715 12
716 13
717 14
718 15
719 16
720 17
721 18
722 19
723 20
724 21
725 22
726 23
727 24
728 25
729 26
730 27
731 28
732 29
733 30
734 31
735 32
736 33
737 34
738 35
739 36
740 37
741 0
742 1
743 2
744 3
745 4
746 5
747 6
748 7
749 8
750 9
751 10
752 11
753 12
754 13
755 14
756 15
757 16
758 17
759 18
760 19
761 20
762 21
763 22
764 23
765 24
766 25
767 26
768 27
769 28
770 29
771 30
772 31
773 32
774 33
775 34
776 35
777 36
778 37
779 38
780 0
781 1
782 2
783 3
784 4
785 5
786 6
787 7
788 8
789 9
790 10
791 11
792 12
793 13
794 14
795 15
796 16
797 17
798 18
799 19
800 20
801 21
802 22
803 23
804 24
805 25
806 26
807 27
808 28
809 29
810 30
811 31
812 32
813 33
814 34
815 35
816 36
817 37
818 38
819 39
820 0
821 1
822 2
823 3
824 4
825 5
826 6
827 7
828 8
829 9
830 10
831 11
832 12
833 13
834 14
835 15
836 16
837 17
838 18
839 19
840 20
841 21
842 22
843 23
844 24
845 25
846 26
847 27
848 28
849 29
850 30
851 31
852 32
853 33
854 34
855 35
856 36
857 37
858 38
859 39
860 40
861 0
862 1
863 2
864 3
865 4
866 5
867 6
868 7
869 8
870 9
871 10
872 11
873 12
874 13
875 14
876 15
877 16
878 17
879 18
880 19
881 20
882 21
883 22
884 23
885 24
886 25
887 26
888 27
889 28
890 29
891 30
892 31
893 32
894 33
895 34
896 35
897 36
898 37
899 38
900 39
901 40
902 41
903 0
904 1
905 2
906 3
907 4
908 5
909 6
910 7
911 8
912 9
913 10
914 11
915 12
916 13
917 14
918 15
919 16
920 17
921 18
922 19
923 20
924 21
925 22
926 23
927 24
928 25
929 26
930 27
931 28
932 29
933 30
934 31
935 32
936 33
937 34
938 35
939 36
940 37
941 38
942 39
943 40
944 41
945 42
946 0
947 1
948 2
949 3
950 4
951 5
952 6
953 7
954 8
955 9
956 10
957 11
958 12
959 13
960 14
961 15
962 16
963 17
964 18
965 19
966 20
967 21
968 22
969 23
970 24
971 25
972 26
973 27
974 28
975 29
976 30
977 31
978 32
979 33
980 34
981 35
982 36
983 37
984 38
985 39
986 40
987 41
988 42
989 43
990 0
991 1
992 2
993 3
994 4
995 5
996 6
997 7
998 8
999 9
1000 10
1001 11
1002 12
1003 13
1004 14
1005 15
1006 16
1007 17
1008 18
1009 19
1010 20
1011 21
1012 22
1013 23
1014 24
1015 25
1016 26
1017 27
1018 28
1019 29
1020 30
1021 31
1022 32
1023 33
1024 34
1025 35
1026 36
1027 37
1028 38
1029 39
1030 40
1031 41
1032 42
1033 43
1034 44
1035 0
1036 1
1037 2
1038 3
1039 4
1040 5
1041 6
1042 7
1043 8
1044 9
1045 10
1046 11
1047 12
1048 13
1049 14
1050 15
1051 16
1052 17
1053 18
1054 19
1055 20
1056 21
1057 22
1058 23
1059 24
1060 25
1061 26
1062 27
1063 28
1064 29
1065 30
1066 31
1067 32
1068 33
1069 34
1070 35
1071 36
1072 37
1073 38
1074 39
1075 40
1076 41
1077 42
1078 43
1079 44
1080 45
1081 0
1082 1
1083 2
1084 3
1085 4
1086 5
1087 6
1088 7
1089 8
1090 9
1091 10
1092 11
1093 12
1094 13
1095 14
1096 15
1097 16
1098 17
1099 18
1100 19
1101 20
1102 21
1103 22
1104 23
1105 24
1106 25
1107 26
1108 27
1109 28
1110 29
1111 30
1112 31
1113 32
1114 33
1115 34
1116 35
1117 36
1118 37
1119 38
1120 39
1121 40
1122 41
1123 42
1124 43
1125 44
1126 45
1127 46
1128 0
1129 1
1130 2
1131 3
1132 4
1133 5
1134 6
1135 7
1136 8
1137 9
1138 10
1139 11
1140 12
1141 13
1142 14
1143 15
1144 16
1145 17
1146 18
1147 19
1148 20
1149 21
1150 22
1151 23
1152 24
1153 25
1154 26
1155 27
1156 28
1157 29
1158 30
1159 31
1160 32
1161 33
1162 34
1163 35
1164 36
1165 37
1166 38
1167 39
1168 40
1169 41
1170 42
1171 43
1172 44
1173 45
1174 46
1175 47
1176 0
1177 1
1178 2
1179 3
1180 4
1181 5
1182 6
1183 7
1184 8
1185 9
1186 10
1187 11
1188 12
1189 13
1190 14
1191 15
1192 16
1193 17
1194 18
1195 19
1196 20
1197 21
1198 22
1199 23
1200 24
1201 25
1202 26
1203 27
1204 28
1205 29
1206 30
1207 31
1208 32
1209 33
1210 34
1211 35
1212 36
1213 37
1214 38
1215 39
1216 40
1217 41
1218 42
1219 43
1220 44
1221 45
1222 46
1223 47
1224 48
1225 0
1226 1
1227 2
1228 3
1229 4
1230 5
1231 6
1232 7
1233 8
1234 9
1235 10
1236 11
1237 12
1238 13
1239 14
1240 15
1241 16
1242 17
1243 18
1244 19
1245 20
1246 21
1247 22
1248 23
1249 24
1250 25
1251 26
1252 27
1253 28
1254 29
1255 30
1256 31
1257 32
1258 33
1259 34
1260 35
1261 36
1262 37
1263 38
1264 39
1265 40
1266 41
1267 42
1268 43
1269 44
1270 45
1271 46
1272 47
1273 48
1274 49
1275 0
1276 1
1277 2
1278 3
1279 4
1280 5
1281 6
1282 7
1283 8
1284 9
1285 10
1286 11
1287 12
1288 13
1289 14
1290 15
1291 16
1292 17
1293 18
1294 19
1295 20
1296 21
1297 22
1298 23
1299 24
1300 25
1301 26
1302 27
1303 28
1304 29
1305 30
1306 31
1307 32
1308 33
1309 34
1310 35
1311 36
1312 37
1313 38
1314 39
1315 40
1316 41
1317 42
1318 43
1319 44
1320 45
1321 46
1322 47
1323 48
1324 49
1325 50
1326 0
1327 1
1328 2
1329 3
1330 4
1331 5
1332 6
1333 7
1334 8
1335 9
1336 10
1337 11
1338 12
1339 13
1340 14
1341 15
1342 16
1343 17
1344 18
1345 19
1346 20
1347 21
1348 22
1349 23
1350 24
1351 25
1352 26
1353 27
1354 28
1355 29
1356 30
1357 31
1358 32
1359 33
1360 34
1361 35
1362 36
1363 37
1364 38
1365 39
1366 40
1367 41
1368 42
1369 43
1370 44
1371 45
1372 46
1373 47
1374 48
1375 49
1376 50
1377 51
1378 0
1379 1
1380 2
1381 3
1382 4
1383 5
1384 6
1385 7
1386 8
1387 9
1388 10
1389 11
1390 12
1391 13
1392 14
1393 15
1394 16
1395 17
1396 18
1397 19
1398 20
1399 21
1400 22
1401 23
1402 24
1403 25
1404 26
1405 27
1406 28
1407 29
1408 30
1409 31
1410 32
1411 33
1412 34
1413 35
1414 36
1415 37
1416 38
1417 39
1418 40
1419 41
1420 42
1421 43
1422 44
1423 45
1424 46
1425 47
1426 48
1427 49
1428 50
1429 51
1430 52
1431 0
1432 1
1433 2
1434 3
1435 4
1436 5
1437 6
1438 7
1439 8
1440 9
1441 10
1442 11
1443 12
1444 13
1445 14
1446 15
1447 16
1448 17
1449 18
1450 19
1451 20
1452 21
1453 22
1454 23
1455 24
1456 25
1457 26
1458 27
1459 28
1460 29
1461 30
1462 31
1463 32
1464 33
1465 34
1466 35
1467 36
1468 37
1469 38
1470 39
1471 40
1472 41
1473 42
1474 43
1475 44
1476 45
1477 46
1478 47
1479 48
1480 49
1481 50
1482 51
1483 52
1484 53
1485 0
1486 1
1487 2
1488 3
1489 4
1490 5
1491 6
1492 7
1493 8
1494 9
1495 10
1496 11
1497 12
1498 13
1499 14
1500 15
1501 16
1502 17
1503 18
1504 19
1505 20
1506 21
1507 22
1508 23
1509 24
1510 25
1511 26
1512 27
1513 28
1514 29
1515 30
1516 31
1517 32
1518 33
1519 34
1520 35
1521 36
1522 37
1523 38
1524 39
1525 40
1526 41
1527 42
1528 43
1529 44
1530 45
1531 46
1532 47
1533 48
1534 49
1535 50
1536 51
1537 52
1538 53
1539 54
1540 0
1541 1
1542 2
1543 3
1544 4
1545 5
1546 6
1547 7
1548 8
1549 9
1550 10
1551 11
1552 12
1553 13
1554 14
1555 15
1556 16
1557 17
1558 18
1559 19
1560 20
1561 21
1562 22
1563 23
1564 24
1565 25
1566 26
1567 27
1568 28
1569 29
1570 30
1571 31
1572 32
1573 33
1574 34
1575 35
1576 36
1577 37
1578 38
1579 39
1580 40
1581 41
1582 42
1583 43
1584 44
1585 45
1586 46
1587 47
1588 48
1589 49
1590 50
1591 51
1592 52
1593 53
1594 54
1595 55
1596 0
1597 1
1598 2
1599 3
1600 4
1601 5
1602 6
1603 7
1604 8
1605 9
1606 10
1607 11
1608 12
1609 13
1610 14
1611 15
1612 16
1613 17
1614 18
1615 19
1616 20
1617 21
1618 22
1619 23
1620 24
1621 25
1622 26
1623 27
1624 28
1625 29
1626 30
1627 31
1628 32
1629 33
1630 34
1631 35
1632 36
1633 37
1634 38
1635 39
1636 40
1637 41
1638 42
1639 43
1640 44
1641 45
1642 46
1643 47
1644 48
1645 49
1646 50
1647 51
1648 52
1649 53
1650 54
1651 55
1652 56
1653 0
1654 1
1655 2
1656 3
1657 4
1658 5
1659 6
1660 7
1661 8
1662 9
1663 10
1664 11
1665 12
1666 13
1667 14
1668 15
1669 16
1670 17
1671 18
1672 19
1673 20
1674 21
1675 22
1676 23
1677 24
1678 25
1679 26
1680 27
1681 28
1682 29
1683 30
1684 31
1685 32
1686 33
1687 34
1688 35
1689 36
1690 37
1691 38
1692 39
1693 40
1694 41
1695 42
1696 43
1697 44
1698 45
1699 46
1700 47
1701 48
1702 49
1703 50
1704 51
1705 52
1706 53
1707 54
1708 55
1709 56
1710 57
1711 0
1712 1
1713 2
1714 3
1715 4
1716 5
1717 6
1718 7
1719 8
1720 9
1721 10
1722 11
1723 12
1724 13
1725 14
1726 15
1727 16
1728 17
1729 18
1730 19
1731 20
1732 21
1733 22
1734 23
1735 24
1736 25
1737 26
1738 27
1739 28
1740 29
1741 30
1742 31
1743 32
1744 33
1745 34
1746 35
1747 36
1748 37
1749 38
1750 39
1751 40
1752 41
1753 42
1754 43
1755 44
1756 45
1757 46
1758 47
1759 48
1760 49
1761 50
1762 51
1763 52
1764 53
1765 54
1766 55
1767 56
1768 57
1769 58
1770 0
1771 1
1772 2
1773 3
1774 4
1775 5
1776 6
1777 7
1778 8
1779 9
1780 10
1781 11
1782 12
1783 13
1784 14
1785 15
1786 16
1787 17
1788 18
1789 19
1790 20
1791 21
1792 22
1793 23
1794 24
1795 25
1796 26
1797 27
1798 28
1799 29
1800 30
1801 31
1802 32
1803 33
1804 34
1805 35
1806 36
1807 37
1808 38
1809 39
1810 40
1811 41
1812 42
1813 43
1814 44
1815 45
1816 46
1817 47
1818 48
1819 49
1820 50
1821 51
1822 52
1823 53
1824 54
1825 55
1826 56
1827 57
1828 58
1829 59
1830 0
1831 1
1832 2
1833 3
1834 4
1835 5
1836 6
1837 7
1838 8
1839 9
1840 10
1841 11
1842 12
1843 13
1844 14
1845 15
1846 16
1847 17
1848 18
1849 19
1850 20
1851 21
1852 22
1853 23
1854 24
1855 25
1856 26
1857 27
1858 28
1859 29
1860 30
1861 31
1862 32
1863 33
1864 34
1865 35
1866 36
1867 37
1868 38
1869 39
1870 40
1871 41
1872 42
1873 43
1874 44
1875 45
1876 46
1877 47
1878 48
1879 49
1880 50
1881 51
1882 52
1883 53
1884 54
1885 55
1886 56
1887 57
1888 58
1889 59
1890 60
1891 0
1892 1
1893 2
1894 3
1895 4
1896 5
1897 6
1898 7
1899 8
1900 9
1901 10
1902 11
1903 12
1904 13
1905 14
1906 15
1907 16
1908 17
1909 18
1910 19
1911 20
1912 21
1913 22
1914 23
1915 24
1916 25
1917 26
1918 27
1919 28
1920 29
1921 30
1922 31
1923 32
1924 33
1925 34
1926 35
1927 36
1928 37
1929 38
1930 39
1931 40
1932 41
1933 42
1934 43
1935 44
1936 45
1937 46
1938 47
1939 48
1940 49
1941 50
1942 51
1943 52
1944 53
1945 54
1946 55
1947 56
1948 57
1949 58
1950 59
1951 60
1952 61
1953 0
1954 1
1955 2
1956 3
1957 4
1958 5
1959 6
1960 7
1961 8
1962 9
1963 10
1964 11
1965 12
1966 13
1967 14
1968 15
1969 16
1970 17
1971 18
1972 19
1973 20
1974 21
1975 22
1976 23
1977 24
1978 25
1979 26
1980 27
1981 28
1982 29
1983 30
1984 31
1985 32
1986 33
1987 34
1988 35
1989 36
1990 37
1991 38
1992 39
1993 40
1994 41
1995 42
1996 43
1997 44
1998 45
1999 46
2000 47
2001 48
2002 49
2003 50
2004 51
2005 52
2006 53
2007 54
2008 55
2009 56
2010 57
2011 58
2012 59
2013 60
2014 61
2015 62
2016 0
2017 1
2018 2
2019 3
2020 4
2021 5
2022 6
2023 7
2024 8
2025 9
2026 10
2027 11
2028 12
2029 13
2030 14
2031 15
2032 16
2033 17
2034 18
2035 19
2036 20
2037 21
2038 22
2039 23
2040 24
2041 25
2042 26
2043 27
2044 28
2045 29
2046 30
2047 31
2048 32
2049 33
2050 34
2051 35
2052 36
2053 37
2054 38
2055 39
2056 40
2057 41
2058 42
2059 43
2060 44
2061 45
2062 46
2063 47
2064 48
2065 49
2066 50
2067 51
2068 52
2069 53
2070 54
2071 55
2072 56
2073 57
2074 58
2075 59
2076 60
2077 61
2078 62
2079 63
2080 0
2081 1
2082 2
2083 3
2084 4
2085 5
2086 6
2087 7
2088 8
2089 9
2090 10
2091 11
2092 12
2093 13
2094 14
2095 15
2096 16
2097 17
2098 18
2099 19
2100 20
2101 21
2102 22
2103 23
2104 24
2105 25
2106 26
2107 27
2108 28
2109 29
2110 30
2111 31
2112 32
2113 33
2114 34
2115 35
2116 36
2117 37
2118 38
2119 39
2120 40
2121 41
2122 42
2123 43
2124 44
2125 45
2126 46
2127 47
2128 48
2129 49
2130 50
2131 51
2132 52
2133 53
2134 54
2135 55
2136 56
2137 57
2138 58
2139 59
2140 60
2141 61
2142 62
2143 63
2144 64
2145 0
2146 1
2147 2
2148 3
2149 4
2150 5
2151 6
2152 7
2153 8
2154 9
2155 10
2156 11
2157 12
2158 13
2159 14
2160 15
2161 16
2162 17
2163 18
2164 19
2165 20
2166 21
2167 22
2168 23
2169 24
2170 25
2171 26
2172 27
2173 28
2174 29
2175 30
2176 31
2177 32
2178 33
2179 34
2180 35
2181 36
2182 37
2183 38
2184 39
2185 40
2186 41
2187 42
2188 43
2189 44
2190 45
2191 46
2192 47
2193 48
2194 49
2195 50
2196 51
2197 52
2198 53
2199 54
2200 55
2201 56
2202 57
2203 58
2204 59
2205 60
2206 61
2207 62
2208 63
2209 64
2210 65
2211 0
2212 1
2213 2
2214 3
2215 4
2216 5
2217 6
2218 7
2219 8
2220 9
2221 10
2222 11
2223 12
2224 13
2225 14
2226 15
2227 16
2228 17
2229 18
2230 19
2231 20
2232 21
2233 22
2234 23
2235 24
2236 25
2237 26
2238 27
2239 28
2240 29
2241 30
2242 31
2243 32
2244 33
2245 34
2246 35
2247 36
2248 37
2249 38
2250 39
2251 40
2252 41
2253 42
2254 43
2255 44
2256 45
2257 46
2258 47
2259 48
2260 49
2261 50
2262 51
2263 52
2264 53
2265 54
2266 55
2267 56
2268 57
2269 58
2270 59
2271 60
2272 61
2273 62
2274 63
2275 64
2276 65
2277 66
2278 0
2279 1
2280 2
2281 3
2282 4
2283 5
2284 6
2285 7
2286 8
2287 9
2288 10
2289 11
2290 12
2291 13
2292 14
2293 15
2294 16
2295 17
2296 18
2297 19
2298 20
2299 21
2300 22
2301 23
2302 24
2303 25
2304 26
2305 27
2306 28
2307 29
2308 30
2309 31
2310 32
2311 33
2312 34
2313 35
2314 36
2315 37
2316 38
2317 39
2318 40
2319 41
2320 42
2321 43
2322 44
2323 45
2324 46
2325 47
2326 48
2327 49
2328 50
2329 51
2330 52
2331 53
2332 54
2333 55
2334 56
2335 57
2336 58
2337 59
2338 60
2339 61
2340 62
2341 63
2342 64
2343 65
2344 66
2345 67
2346 0
2347 1
2348 2
2349 3
2350 4
2351 5
2352 6
2353 7
2354 8
2355 9
2356 10
2357 11
2358 12
2359 13
2360 14
2361 15
2362 16
2363 17
2364 18
2365 19
2366 20
2367 21
2368 22
2369 23
2370 24
2371 25
2372 26
2373 27
2374 28
2375 29
2376 30
2377 31
2378 32
2379 33
2380 34
2381 35
2382 36
2383 37
2384 38
2385 39
2386 40
2387 41
2388 42
2389 43
2390 44
2391 45
2392 46
2393 47
2394 48
2395 49
2396 50
2397 51
2398 52
2399 53
2400 54
2401 55
2402 56
2403 57
2404 58
2405 59
2406 60
2407 61
2408 62
2409 63
2410 64
2411 65
2412 66
2413 67
2414 68
2415 0
2416 1
2417 2
2418 3
2419 4
2420 5
2421 6
2422 7
2423 8
2424 9
2425 10
2426 11
2427 12
2428 13
2429 14
2430 15
2431 16
2432 17
2433 18
2434 19
2435 20
2436 21
2437 22
2438 23
2439 24
2440 25
2441 26
2442 27
2443 28
2444 29
2445 30
2446 31
2447 32
2448 33
2449 34
2450 35
2451 36
2452 37
2453 38
2454 39
2455 40
2456 41
2457 42
2458 43
2459 44
2460 45
2461 46
2462 47
2463 48
2464 49
2465 50
2466 51
2467 52
2468 53
2469 54
2470 55
2471 56
2472 57
2473 58
2474 59
2475 60
2476 61
2477 62
2478 63
2479 64
2480 65
2481 66
2482 67
2483 68
2484 69
2485 0
2486 1
2487 2
2488 3
2489 4
2490 5
2491 6
2492 7
2493 8
2494 9
2495 10
2496 11
2497 12
2498 13
2499 14
2500 15
2501 16
2502 17
2503 18
2504 19
2505 20
2506 21
2507 22
2508 23
2509 24
2510 25
2511 26
2512 27
2513 28
2514 29
2515 30
2516 31
2517 32
2518 33
2519 34
2520 35
2521 36
2522 37
2523 38
2524 39
2525 40
2526 41
2527 42
2528 43
2529 44
2530 45
2531 46
2532 47
2533 48
2534 49
2535 50
2536 51
2537 52
2538 53
2539 54
2540 55
2541 56
2542 57
2543 58
2544 59
2545 60
2546 61
2547 62
2548 63
2549 64
2550 65
2551 66
2552 67
2553 68
2554 69
2555 70
2556 0
2557 1
2558 2
2559 3
2560 4
2561 5
2562 6
2563 7
2564 8
2565 9
2566 10
2567 11
2568 12
2569 13
2570 14
2571 15
2572 16
2573 17
2574 18
2575 19
2576 20
2577 21
2578 22
2579 23
2580 24
2581 25
2582 26
2583 27
2584 28
2585 29
2586 30
2587 31
2588 32
2589 33
2590 34
2591 35
2592 36
2593 37
2594 38
2595 39
2596 40
2597 41
2598 42
2599 43
2600 44
2601 45
2602 46
2603 47
2604 48
2605 49
2606 50
2607 51
2608 52
2609 53
2610 54
2611 55
2612 56
2613 57
2614 58
2615 59
2616 60
2617 61
2618 62
2619 63
2620 64
2621 65
2622 66
2623 67
2624 68
2625 69
2626 70
2627 71
2628 0
2629 1
2630 2
2631 3
2632 4
2633 5
2634 6
2635 7
2636 8
2637 9
2638 10
2639 11
2640 12
2641 13
2642 14
2643 15
2644 16
2645 17
2646 18
2647 19
2648 20
2649 21
2650 22
2651 23
2652 24
2653 25
2654 26
2655 27
2656 28
2657 29
2658 30
2659 31
2660 32
2661 33
2662 34
2663 35
2664 36
2665 37
2666 38
2667 39
2668 40
2669 41
2670 42
2671 43
2672 44
2673 45
2674 46
2675 47
2676 48
2677 49
2678 50
2679 51
2680 52
2681 53
2682 54
2683 55
2684 56
2685 57
2686 58
2687 59
2688 60
2689 61
2690 62
2691 63
2692 64
2693 65
2694 66
2695 67
2696 68
2697 69
2698 70
2699 71
2700 72
2701 0
2702 1
2703 2
2704 3
2705 4
2706 5
2707 6
2708 7
2709 8
2710 9
2711 10
2712 11
2713 12
2714 13
2715 14
2716 15
2717 16
2718 17
2719 18
2720 19
2721 20
2722 21
2723 22
2724 23
2725 24
2726 25
2727 26
2728 27
2729 28
2730 29
2731 30
2732 31
2733 32
2734 33
2735 34
2736 35
2737 36
2738 37
2739 38
2740 39
2741 40
2742 41
2743 42
2744 43
2745 44
2746 45
2747 46
2748 47
2749 48
2750 49
2751 50
2752 51
2753 52
2754 53
2755 54
2756 55
2757 56
2758 57
2759 58
2760 59
2761 60
2762 61
2763 62
2764 63
2765 64
2766 65
2767 66
2768 67
2769 68
2770 69
2771 70
2772 71
2773 72
2774 73
2775 0
2776 1
2777 2
2778 3
2779 4
2780 5
2781 6
2782 7
2783 8
2784 9
2785 10
2786 11
2787 12
2788 13
2789 14
2790 15
2791 16
2792 17
2793 18
2794 19
2795 20
2796 21
2797 22
2798 23
2799 24
2800 25
2801 26
2802 27
2803 28
2804 29
2805 30
2806 31
2807 32
2808 33
2809 34
2810 35
2811 36
2812 37
2813 38
2814 39
2815 40
2816 41
2817 42
2818 43
2819 44
2820 45
2821 46
2822 47
2823 48
2824 49
2825 50
2826 51
2827 52
2828 53
2829 54
2830 55
2831 56
2832 57
2833 58
2834 59
2835 60
2836 61
2837 62
2838 63
2839 64
2840 65
2841 66
2842 67
2843 68
2844 69
2845 70
2846 71
2847 72
2848 73
2849 74
2850 0
2851 1
2852 2
2853 3
2854 4
2855 5
2856 6
2857 7
2858 8
2859 9
2860 10
2861 11
2862 12
2863 13
2864 14
2865 15
2866 16
2867 17
2868 18
2869 19
2870 20
2871 21
2872 22
2873 23
2874 24
2875 25
2876 26
2877 27
2878 28
2879 29
2880 30
2881 31
2882 32
2883 33
2884 34
2885 35
2886 36
2887 37
2888 38
2889 39
2890 40
2891 41
2892 42
2893 43
2894 44
2895 45
2896 46
2897 47
2898 48
2899 49
2900 50
2901 51
2902 52
2903 53
2904 54
2905 55
2906 56
2907 57
2908 58
2909 59
2910 60
2911 61
2912 62
2913 63
2914 64
2915 65
2916 66
2917 67
2918 68
2919 69
2920 70
2921 71
2922 72
2923 73
2924 74
2925 75
2926 0
2927 1
2928 2
2929 3
2930 4
2931 5
2932 6
2933 7
2934 8
2935 9
2936 10
2937 11
2938 12
2939 13
2940 14
2941 15
2942 16
2943 17
2944 18
2945 19
2946 20
2947 21
2948 22
2949 23
2950 24
2951 25
2952 26
2953 27
2954 28
2955 29
2956 30
2957 31
2958 32
2959 33
2960 34
2961 35
2962 36
2963 37
2964 38
2965 39
2966 40
2967 41
2968 42
2969 43
2970 44
2971 45
2972 46
2973 47
2974 48
2975 49
2976 50
2977 51
2978 52
2979 53
2980 54
2981 55
2982 56
2983 57
2984 58
2985 59
2986 60
2987 61
2988 62
2989 63
2990 64
2991 65
2992 66
2993 67
2994 68
2995 69
2996 70
2997 71
2998 72
2999 73
3000 74
3001 75
3002 76
3003 0
3004 1
3005 2
3006 3
3007 4
3008 5
3009 6
3010 7
3011 8
3012 9
3013 10
3014 11
3015 12
3016 13
3017 14
3018 15
3019 16
3020 17
3021 18
3022 19
3023 20
3024 21
3025 22
3026 23
3027 24
3028 25
3029 26
3030 27
3031 28
3032 29
3033 30
3034 31
3035 32
3036 33
3037 34
3038 35
3039 36
3040 37
3041 38
3042 39
3043 40
3044 41
3045 42
3046 43
3047 44
3048 45
3049 46
3050 47
3051 48
3052 49
3053 50
3054 51
3055 52
3056 53
3057 54
3058 55
3059 56
3060 57
3061 58
3062 59
3063 60
3064 61
3065 62
3066 63
3067 64
3068 65
3069 66
3070 67
3071 68
3072 69
3073 70
3074 71
3075 72
3076 73
3077 74
3078 75
3079 76
3080 77
3081 0
3082 1
3083 2
3084 3
3085 4
3086 5
3087 6
3088 7
3089 8
3090 9
3091 10
3092 11
3093 12
3094 13
3095 14
3096 15
3097 16
3098 17
3099 18
3100 19
3101 20
3102 21
3103 22
3104 23
3105 24
3106 25
3107 26
3108 27
3109 28
3110 29
3111 30
3112 31
3113 32
3114 33
3115 34
3116 35
3117 36
3118 37
3119 38
3120 39
3121 40
3122 41
3123 42
3124 43
3125 44
3126 45
3127 46
3128 47
3129 48
3130 49
3131 50
3132 51
3133 52
3134 53
3135 54
3136 55
3137 56
3138 57
3139 58
3140 59
3141 60
3142 61
3143 62
3144 63
3145 64
3146 65
3147 66
3148 67
3149 68
3150 69
3151 70
3152 71
3153 72
3154 73
3155 74
3156 75
3157 76
3158 77
3159 78
3160 0
3161 1
3162 2
3163 3
3164 4
3165 5
3166 6
3167 7
3168 8
3169 9
3170 10
3171 11
3172 12
3173 13
3174 14
3175 15
3176 16
3177 17
3178 18
3179 19
3180 20
3181 21
3182 22
3183 23
3184 24
3185 25
3186 26
3187 27
3188 28
3189 29
3190 30
3191 31
3192 32
3193 33
3194 34
3195 35
3196 36
3197 37
3198 38
3199 39
3200 40
3201 41
3202 42
3203 43
3204 44
3205 45
3206 46
3207 47
3208 48
3209 49
3210 50
3211 51
3212 52
3213 53
3214 54
3215 55
3216 56
3217 57
3218 58
3219 59
3220 60
3221 61
3222 62
3223 63
3224 64
3225 65
3226 66
3227 67
3228 68
3229 69
3230 70
3231 71
3232 72
3233 73
3234 74
3235 75
3236 76
3237 77
3238 78
3239 79
3240 0
3241 1
3242 2
3243 3
3244 4
3245 5
3246 6
3247 7
3248 8
3249 9
3250 10
3251 11
3252 12
3253 13
3254 14
3255 15
3256 16
3257 17
3258 18
3259 19
3260 20
3261 21
3262 22
3263 23
3264 24
3265 25
3266 26
3267 27
3268 28
3269 29
3270 30
3271 31
3272 32
3273 33
3274 34
3275 35
3276 36
3277 37
3278 38
3279 39
3280 40
3281 41
3282 42
3283 43
3284 44
3285 45
3286 46
3287 47
3288 48
3289 49
3290 50
3291 51
3292 52
3293 53
3294 54
3295 55
3296 56
3297 57
3298 58
3299 59
3300 60
3301 61
3302 62
3303 63
3304 64
3305 65
3306 66
3307 67
3308 68
3309 69
3310 70
3311 71
3312 72
3313 73
3314 74
3315 75
3316 76
3317 77
3318 78
3319 79
3320 80
3321 0
3322 1
3323 2
3324 3
3325 4
3326 5
3327 6
3328 7
3329 8
3330 9
3331 10
3332 11
3333 12
3334 13
3335 14
3336 15
3337 16
3338 17
3339 18
3340 19
3341 20
3342 21
3343 22
3344 23
3345 24
3346 25
3347 26
3348 27
3349 28
3350 29
3351 30
3352 31
3353 32
3354 33
3355 34
3356 35
3357 36
3358 37
3359 38
3360 39
3361 40
3362 41
3363 42
3364 43
3365 44
3366 45
3367 46
3368 47
3369 48
3370 49
3371 50
3372 51
3373 52
3374 53
3375 54
3376 55
3377 56
3378 57
3379 58
3380 59
3381 60
3382 61
3383 62
3384 63
3385 64
3386 65
3387 66
3388 67
3389 68
3390 69
3391 70
3392 71
3393 72
3394 73
3395 74
3396 75
3397 76
3398 77
3399 78
3400 79
3401 80
3402 81
3403 0
3404 1
3405 2
3406 3
3407 4
3408 5
3409 6
3410 7
3411 8
3412 9
3413 10
3414 11
3415 12
3416 13
3417 14
3418 15
3419 16
3420 17
3421 18
3422 19
3423 20
3424 21
3425 22
3426 23
3427 24
3428 25
3429 26
3430 27
3431 28
3432 29
3433 30
3434 31
3435 32
3436 33
3437 34
3438 35
3439 36
3440 37
3441 38
3442 39
3443 40
3444 41
3445 42
3446 43
3447 44
3448 45
3449 46
3450 47
3451 48
3452 49
3453 50
3454 51
3455 52
3456 53
3457 54
3458 55
3459 56
3460 57
3461 58
3462 59
3463 60
3464 61
3465 62
3466 63
3467 64
3468 65
3469 66
3470 67
3471 68
3472 69
3473 70
3474 71
3475 72
3476 73
3477 74
3478 75
3479 76
3480 77
3481 78
3482 79
3483 80
3484 81
3485 82
3486 0
3487 1
3488 2
3489 3
3490 4
3491 5
3492 6
3493 7
3494 8
3495 9
3496 10
3497 11
3498 12
3499 13
3500 14
3501 15
3502 16
3503 17
3504 18
3505 19
3506 20
3507 21
3508 22
3509 23
3510 24
3511 25
3512 26
3513 27
3514 28
3515 29
3516 30
3517 31
3518 32
3519 33
3520 34
3521 35
3522 36
3523 37
3524 38
3525 39
3526 40
3527 41
3528 42
3529 43
3530 44
3531 45
3532 46
3533 47
3534 48
3535 49
3536 50
3537 51
3538 52
3539 53
3540 54
3541 55
3542 56
3543 57
3544 58
3545 59
3546 60
3547 61
3548 62
3549 63
3550 64
3551 65
3552 66
3553 67
3554 68
3555 69
3556 70
3557 71
3558 72
3559 73
3560 74
3561 75
3562 76
3563 77
3564 78
3565 79
3566 80
3567 81
3568 82
3569 83
3570 0
3571 1
3572 2
3573 3
3574 4
3575 5
3576 6
3577 7
3578 8
3579 9
3580 10
3581 11
3582 12
3583 13
3584 14
3585 15
3586 16
3587 17
3588 18
3589 19
3590 20
3591 21
3592 22
3593 23
3594 24
3595 25
3596 26
3597 27
3598 28
3599 29
3600 30
3601 31
3602 32
3603 33
3604 34
3605 35
3606 36
3607 37
3608 38
3609 39
3610 40
3611 41
3612 42
3613 43
3614 44
3615 45
3616 46
3617 47
3618 48
3619 49
3620 50
3621 51
3622 52
3623 53
3624 54
3625 55
3626 56
3627 57
3628 58
3629 59
3630 60
3631 61
3632 62
3633 63
3634 64
3635 65
3636 66
3637 67
3638 68
3639 69
3640 70
3641 71
3642 72
3643 73
3644 74
3645 75
3646 76
3647 77
3648 78
3649 79
3650 80
3651 81
3652 82
3653 83
3654 84
3655 0
3656 1
3657 2
3658 3
3659 4
3660 5
3661 6
3662 7
3663 8
3664 9
3665 10
3666 11
3667 12
3668 13
3669 14
3670 15
3671 16
3672 17
3673 18
3674 19
3675 20
3676 21
3677 22
3678 23
3679 24
3680 25
3681 26
3682 27
3683 28
3684 29
3685 30
3686 31
3687 32
3688 33
3689 34
3690 35
3691 36
3692 37
3693 38
3694 39
3695 40
3696 41
3697 42
3698 43
3699 44
3700 45
3701 46
3702 47
3703 48
3704 49
3705 50
3706 51
3707 52
3708 53
3709 54
3710 55
3711 56
3712 57
3713 58
3714 59
3715 60
3716 61
3717 62
3718 63
3719 64
3720 65
3721 66
3722 67
3723 68
3724 69
3725 70
3726 71
3727 72
3728 73
3729 74
3730 75
3731 76
3732 77
3733 78
3734 79
3735 80
3736 81
3737 82
3738 83
3739 84
3740 85
3741 0
3742 1
3743 2
3744 3
3745 4
3746 5
3747 6
3748 7
3749 8
3750 9
3751 10
3752 11
3753 12
3754 13
3755 14
3756 15
3757 16
3758 17
3759 18
3760 19
3761 20
3762 21
3763 22
3764 23
3765 24
3766 25
3767 26
3768 27
3769 28
3770 29
3771 30
3772 31
3773 32
3774 33
3775 34
3776 35
3777 36
3778 37
3779 38
3780 39
3781 40
3782 41
3783 42
3784 43
3785 44
3786 45
3787 46
3788 47
3789 48
3790 49
3791 50
3792 51
3793 52
3794 53
3795 54
3796 55
3797 56
3798 57
3799 58
3800 59
3801 60
3802 61
3803 62
3804 63
3805 64
3806 65
3807 66
3808 67
3809 68
3810 69
3811 70
3812 71
3813 72
3814 73
3815 74
3816 75
3817 76
3818 77
3819 78
3820 79
3821 80
3822 81
3823 82
3824 83
3825 84
3826 85
3827 86
3828 0
3829 1
3830 2
3831 3
3832 4
3833 5
3834 6
3835 7
3836 8
3837 9
3838 10
3839 11
3840 12
3841 13
3842 14
3843 15
3844 16
3845 17
3846 18
3847 19
3848 20
3849 21
3850 22
3851 23
3852 24
3853 25
3854 26
3855 27
3856 28
3857 29
3858 30
3859 31
3860 32
3861 33
3862 34
3863 35
3864 36
3865 37
3866 38
3867 39
3868 40
3869 41
3870 42
3871 43
3872 44
3873 45
3874 46
3875 47
3876 48
3877 49
3878 50
3879 51
3880 52
3881 53
3882 54
3883 55
3884 56
3885 57
3886 58
3887 59
3888 60
3889 61
3890 62
3891 63
3892 64
3893 65
3894 66
3895 67
3896 68
3897 69
3898 70
3899 71
3900 72
3901 73
3902 74
3903 75
3904 76
3905 77
3906 78
3907 79
3908 80
3909 81
3910 82
3911 83
3912 84
3913 85
3914 86
3915 87
3916 0
3917 1
3918 2
3919 3
3920 4
3921 5
3922 6
3923 7
3924 8
3925 9
3926 10
3927 11
3928 12
3929 13
3930 14
3931 15
3932 16
3933 17
3934 18
3935 19
3936 20
3937 21
3938 22
3939 23
3940 24
3941 25
3942 26
3943 27
3944 28
3945 29
3946 30
3947 31
3948 32
3949 33
3950 34
3951 35
3952 36
3953 37
3954 38
3955 39
3956 40
3957 41
3958 42
3959 43
3960 44
3961 45
3962 46
3963 47
3964 48
3965 49
3966 50
3967 51
3968 52
3969 53
3970 54
3971 55
3972 56
3973 57
3974 58
3975 59
3976 60
3977 61
3978 62
3979 63
3980 64
3981 65
3982 66
3983 67
3984 68
3985 69
3986 70
3987 71
3988 72
3989 73
3990 74
3991 75
3992 76
3993 77
3994 78
3995 79
3996 80
3997 81
3998 82
3999 83
4000 84
4001 85
4002 86
4003 87
4004 88
4005 0
4006 1
4007 2
4008 3
4009 4
4010 5
4011 6
4012 7
4013 8
4014 9
4015 10
4016 11
4017 12
4018 13
4019 14
4020 15
4021 16
4022 17
4023 18
4024 19
4025 20
4026 21
4027 22
4028 23
4029 24
4030 25
4031 26
4032 27
4033 28
4034 29
4035 30
4036 31
4037 32
4038 33
4039 34
4040 35
4041 36
4042 37
4043 38
4044 39
4045 40
4046 41
4047 42
4048 43
4049 44
4050 45
4051 46
4052 47
4053 48
4054 49
4055 50
4056 51
4057 52
4058 53
4059 54
4060 55
4061 56
4062 57
4063 58
4064 59
4065 60
4066 61
4067 62
4068 63
4069 64
4070 65
4071 66
4072 67
4073 68
4074 69
4075 70
4076 71
4077 72
4078 73
4079 74
4080 75
4081 76
4082 77
4083 78
4084 79
4085 80
4086 81
4087 82
4088 83
4089 84
4090 85
4091 86
4092 87
4093 88
4094 89
4095 0
4096 1
4097 2
4098 3
4099 4
4100 5
4101 6
4102 7
4103 8
4104 9
4105 10
4106 11
4107 12
4108 13
4109 14
4110 15
4111 16
4112 17
4113 18
4114 19
4115 20
4116 21
4117 22
4118 23
4119 24
4120 25
4121 26
4122 27
4123 28
4124 29
4125 30
4126 31
4127 32
4128 33
4129 34
4130 35
4131 36
4132 37
4133 38
4134 39
4135 40
4136 41
4137 42
4138 43
4139 44
4140 45
4141 46
4142 47
4143 48
4144 49
4145 50
4146 51
4147 52
4148 53
4149 54
4150 55
4151 56
4152 57
4153 58
4154 59
4155 60
4156 61
4157 62
4158 63
4159 64
4160 65
4161 66
4162 67
4163 68
4164 69
4165 70
4166 71
4167 72
4168 73
4169 74
4170 75
4171 76
4172 77
4173 78
4174 79
4175 80
4176 81
4177 82
4178 83
4179 84
4180 85
4181 86
4182 87
4183 88
4184 89
4185 90
4186 0
4187 1
4188 2
4189 3
4190 4
4191 5
4192 6
4193 7
4194 8
4195 9
4196 10
4197 11
4198 12
4199 13
4200 14
4201 15
4202 16
4203 17
4204 18
4205 19
4206 20
4207 21
4208 22
4209 23
4210 24
4211 25
4212 26
4213 27
4214 28
4215 29
4216 30
4217 31
4218 32
4219 33
4220 34
4221 35
4222 36
4223 37
4224 38
4225 39
4226 40
4227 41
4228 42
4229 43
4230 44
4231 45
4232 46
4233 47
4234 48
4235 49
4236 50
4237 51
4238 52
4239 53
4240 54
4241 55
4242 56
4243 57
4244 58
4245 59
4246 60
4247 61
4248 62
4249 63
4250 64
4251 65
4252 66
4253 67
4254 68
4255 69
4256 70
4257 71
4258 72
4259 73
4260 74
4261 75
4262 76
4263 77
4264 78
4265 79
4266 80
4267 81
4268 82
4269 83
4270 84
4271 85
4272 86
4273 87
4274 88
4275 89
4276 90
4277 91
4278 0
4279 1
4280 2
4281 3
4282 4
4283 5
4284 6
4285 7
4286 8
4287 9
4288 10
4289 11
4290 12
4291 13
4292 14
4293 15
4294 16
4295 17
4296 18
4297 19
4298 20
4299 21
4300 22
4301 23
4302 24
4303 25
4304 26
4305 27
4306 28
4307 29
4308 30
4309 31
4310 32
4311 33
4312 34
4313 35
4314 36
4315 37
4316 38
4317 39
4318 40
4319 41
4320 42
4321 43
4322 44
4323 45
4324 46
4325 47
4326 48
4327 49
4328 50
4329 51
4330 52
4331 53
4332 54
4333 55
4334 56
4335 57
4336 58
4337 59
4338 60
4339 61
4340 62
4341 63
4342 64
4343 65
4344 66
4345 67
4346 68
4347 69
4348 70
4349 71
4350 72
4351 73
4352 74
4353 75
4354 76
4355 77
4356 78
4357 79
4358 80
4359 81
4360 82
4361 83
4362 84
4363 85
4364 86
4365 87
4366 88
4367 89
4368 90
4369 91
4370 92
4371 0
4372 1
4373 2
4374 3
4375 4
4376 5
4377 6
4378 7
4379 8
4380 9
4381 10
4382 11
4383 12
4384 13
4385 14
4386 15
4387 16
4388 17
4389 18
4390 19
4391 20
4392 21
4393 22
4394 23
4395 24
4396 25
4397 26
4398 27
4399 28
4400 29
4401 30
4402 31
4403 32
4404 33
4405 34
4406 35
4407 36
4408 37
4409 38
4410 39
4411 40
4412 41
4413 42
4414 43
4415 44
4416 45
4417 46
4418 47
4419 48
4420 49
4421 50
4422 51
4423 52
4424 53
4425 54
4426 55
4427 56
4428 57
4429 58
4430 59
4431 60
4432 61
4433 62
4434 63
4435 64
4436 65
4437 66
4438 67
4439 68
4440 69
4441 70
4442 71
4443 72
4444 73
4445 74
4446 75
4447 76
4448 77
4449 78
4450 79
4451 80
4452 81
4453 82
4454 83
4455 84
4456 85
4457 86
4458 87
4459 88
4460 89
4461 90
4462 91
4463 92
4464 93
4465 0
4466 1
4467 2
4468 3
4469 4
4470 5
4471 6
4472 7
4473 8
4474 9
4475 10
4476 11
4477 12
4478 13
4479 14
4480 15
4481 16
4482 17
4483 18
4484 19
4485 20
4486 21
4487 22
4488 23
4489 24
4490 25
4491 26
4492 27
4493 28
4494 29
4495 30
4496 31
4497 32
4498 33
4499 34
4500 35
4501 36
4502 37
4503 38
4504 39
4505 40
4506 41
4507 42
4508 43
4509 44
4510 45
4511 46
4512 47
4513 48
4514 49
4515 50
4516 51
4517 52
4518 53
4519 54
4520 55
4521 56
4522 57
4523 58
4524 59
4525 60
4526 61
4527 62
4528 63
4529 64
4530 65
4531 66
4532 67
4533 68
4534 69
4535 70
4536 71
4537 72
4538 73
4539 74
4540 75
4541 76
4542 77
4543 78
4544 79
4545 80
4546 81
4547 82
4548 83
4549 84
4550 85
4551 86
4552 87
4553 88
4554 89
4555 90
4556 91
4557 92
4558 93
4559 94
4560 0
4561 1
4562 2
4563 3
4564 4
4565 5
4566 6
4567 7
4568 8
4569 9
4570 10
4571 11
4572 12
4573 13
4574 14
4575 15
4576 16
4577 17
4578 18
4579 19
4580 20
4581 21
4582 22
4583 23
4584 24
4585 25
4586 26
4587 27
4588 28
4589 29
4590 30
4591 31
4592 32
4593 33
4594 34
4595 35
4596 36
4597 37
4598 38
4599 39
4600 40
4601 41
4602 42
4603 43
4604 44
4605 45
4606 46
4607 47
4608 48
4609 49
4610 50
4611 51
4612 52
4613 53
4614 54
4615 55
4616 56
4617 57
4618 58
4619 59
4620 60
4621 61
4622 62
4623 63
4624 64
4625 65
4626 66
4627 67
4628 68
4629 69
4630 70
4631 71
4632 72
4633 73
4634 74
4635 75
4636 76
4637 77
4638 78
4639 79
4640 80
4641 81
4642 82
4643 83
4644 84
4645 85
4646 86
4647 87
4648 88
4649 89
4650 90
4651 91
4652 92
4653 93
4654 94
4655 95
4656 0
4657 1
4658 2
4659 3
4660 4
4661 5
4662 6
4663 7
4664 8
4665 9
4666 10
4667 11
4668 12
4669 13
4670 14
4671 15
4672 16
4673 17
4674 18
4675 19
4676 20
4677 21
4678 22
4679 23
4680 24
4681 25
4682 26
4683 27
4684 28
4685 29
4686 30
4687 31
4688 32
4689 33
4690 34
4691 35
4692 36
4693 37
4694 38
4695 39
4696 40
4697 41
4698 42
4699 43
4700 44
4701 45
4702 46
4703 47
4704 48
4705 49
4706 50
4707 51
4708 52
4709 53
4710 54
4711 55
4712 56
4713 57
4714 58
4715 59
4716 60
4717 61
4718 62
4719 63
4720 64
4721 65
4722 66
4723 67
4724 68
4725 69
4726 70
4727 71
4728 72
4729 73
4730 74
4731 75
4732 76
4733 77
4734 78
4735 79
4736 80
4737 81
4738 82
4739 83
4740 84
4741 85
4742 86
4743 87
4744 88
4745 89
4746 90
4747 91
4748 92
4749 93
4750 94
4751 95
4752 96
4753 0
4754 1
4755 2
4756 3
4757 4
4758 5
4759 6
4760 7
4761 8
4762 9
4763 10
4764 11
4765 12
4766 13
4767 14
4768 15
4769 16
4770 17
4771 18
4772 19
4773 20
4774 21
4775 22
4776 23
4777 24
4778 25
4779 26
4780 27
4781 28
4782 29
4783 30
4784 31
4785 32
4786 33
4787 34
4788 35
4789 36
4790 37
4791 38
4792 39
4793 40
4794 41
4795 42
4796 43
4797 44
4798 45
4799 46
4800 47
4801 48
4802 49
4803 50
4804 51
4805 52
4806 53
4807 54
4808 55
4809 56
4810 57
4811 58
4812 59
4813 60
4814 61
4815 62
4816 63
4817 64
4818 65
4819 66
4820 67
4821 68
4822 69
4823 70
4824 71
4825 72
4826 73
4827 74
4828 75
4829 76
4830 77
4831 78
4832 79
4833 80
4834 81
4835 82
4836 83
4837 84
4838 85
4839 86
4840 87
4841 88
4842 89
4843 90
4844 91
4845 92
4846 93
4847 94
4848 95
4849 96
4850 97
4851 0
4852 1
4853 2
4854 3
4855 4
4856 5
4857 6
4858 7
4859 8
4860 9
4861 10
4862 11
4863 12
4864 13
4865 14
4866 15
4867 16
4868 17
4869 18
4870 19
4871 20
4872 21
4873 22
4874 23
4875 24
4876 25
4877 26
4878 27
4879 28
4880 29
4881 30
4882 31
4883 32
4884 33
4885 34
4886 35
4887 36
4888 37
4889 38
4890 39
4891 40
4892 41
4893 42
4894 43
4895 44
4896 45
4897 46
4898 47
4899 48
4900 49
4901 50
4902 51
4903 52
4904 53
4905 54
4906 55
4907 56
4908 57
4909 58
4910 59
4911 60
4912 61
4913 62
4914 63
4915 64
4916 65
4917 66
4918 67
4919 68
4920 69
4921 70
4922 71
4923 72
4924 73
4925 74
4926 75
4927 76
4928 77
4929 78
4930 79
4931 80
4932 81
4933 82
4934 83
4935 84
4936 85
4937 86
4938 87
4939 88
4940 89
4941 90
4942 91
4943 92
4944 93
4945 94
4946 95
4947 96
4948 97
4949 98
4950 0
4951 1
4952 2
4953 3
4954 4
4955 5
4956 6
4957 7
4958 8
4959 9
4960 10
4961 11
4962 12
4963 13
4964 14
4965 15
4966 16
4967 17
4968 18
4969 19
4970 20
4971 21
4972 22
4973 23
4974 24
4975 25
4976 26
4977 27
4978 28
4979 29
4980 30
4981 31
4982 32
4983 33
4984 34
4985 35
4986 36
4987 37
4988 38
4989 39
4990 40
4991 41
4992 42
4993 43
4994 44
4995 45
4996 46
4997 47
4998 48
4999 49
5000 50
5001 51
5002 52
5003 53
5004 54
5005 55
5006 56
5007 57
5008 58
5009 59
5010 60
5011 61
5012 62
5013 63
5014 64
5015 65
5016 66
5017 67
5018 68
5019 69
5020 70
5021 71
5022 72
5023 73
5024 74
5025 75
5026 76
5027 77
5028 78
5029 79
5030 80
5031 81
5032 82
5033 83
5034 84
5035 85
5036 86
5037 87
5038 88
5039 89
5040 90
5041 91
5042 92
5043 93
5044 94
5045 95
5046 96
5047 97
5048 98
5049 99
5050 0
5051 1
5052 2
5053 3
5054 4
5055 5
5056 6
5057 7
5058 8
5059 9
5060 10
5061 11
5062 12
5063 13
5064 14
5065 15
5066 16
5067 17
5068 18
5069 19
5070 20
5071 21
5072 22
5073 23
5074 24
5075 25
5076 26
5077 27
5078 28
5079 29
5080 30
5081 31
5082 32
5083 33
5084 34
5085 35
5086 36
5087 37
5088 38
5089 39
5090 40
5091 41
5092 42
5093 43
5094 44
5095 45
5096 46
5097 47
5098 48
5099 49
5100 50
5101 51
5102 52
5103 53
5104 54
5105 55
5106 56
5107 57
5108 58
5109 59
5110 60
5111 61
5112 62
5113 63
5114 64
5115 65
5116 66
5117 67
5118 68
5119 69
5120 70
5121 71
5122 72
5123 73
5124 74
5125 75
5126 76
5127 77
5128 78
5129 79
5130 80
5131 81
5132 82
5133 83
5134 84
5135 85
5136 86
5137 87
5138 88
5139 89
5140 90
5141 91
5142 92
5143 93
5144 94
5145 95
5146 96
5147 97
5148 98
5149 99
5150 100
