# A002186 (b-file synthesized from sequence entry)
0 0
1 1
2 2
3 3
4 1
5 4
6 3
7 2
8 1
9 4
10 2
11 6
12 4
13 1
14 2
15 7
16 1
17 4
18 3
19 2
20 1
21 4
22 6
23 7
24 4
25 1
26 2
27 8
28 5
29 4
30 7
31 2
32 1
33 8
34 6
35 7
36 4
37 1
38 2
39 3
40 1
41 4
42 7
43 2
44 1
45 8
46 2
47 7
48 4
49 1
50 2
51 8
52 1
53 4
54 7
55 2
56 1
57 4
58 2
59 7
60 4
61 1
62 2
63 8
64 1
65 4
66 7
67 2
68 1
69 8
70 6
71 7
72 4
73 1
74 2
75 8
76 1
77 4
78 7
79 2
80 1
81 8
82 2
83 7
84 4
85 1
86 2
87 8
88 1
89 4
90 7
91 2
92 1
93 8
94 2
95 7
96 4
97 1
98 2
99 8
100 1
101 4
102 7
103 2
104 1
