1 0
2 0
3 3
4 0
5 1
6 4
7 12
8 0
9 15
10 2
11 10
12 5
13 5
14 13
15 13
16 0
17 8
18 16
19 16
20 3
21 1
22 11
23 11
24 6
25 19
26 6
27 107
28 14
29 14
30 14
31 102
32 0
33 22
34 9
35 9
36 17
37 17
38 17
39 30
40 4
41 105
42 2
43 25
44 12
45 12
46 12
47 100
48 7
49 20
50 20
51 20
52 7
53 7
54 108
55 108
56 15
57 28
58 15
59 28
60 15
61 15
62 103
63 103
64 0
65 23
66 23
67 23
68 10
69 10
70 10
71 98
72 18
73 111
74 18
75 6
76 18
77 18
78 31
79 31
80 5
81 18
82 106
83 106
84 3
85 1
86 26
87 26
88 13
89 26
90 13
91 88
92 13
93 13
94 101
95 101
96 8
97 114
98 21
99 21
100 21
101 21
102 21
103 83
104 8
105 34
106 8
107 96
108 109
109 109
110 109
111 65
112 16
113 4
114 29
115 29
116 16
117 16
118 29
119 29
120 16
121 91
122 16
123 42
124 104
125 104
126 104
127 42
128 0
129 117
130 24
131 24
132 24
133 24
134 24
135 37
136 11
137 86
138 11
139 37
140 11
141 11
142 99
143 99
144 19
145 112
146 112
147 112
148 19
149 19
150 7
151 5
152 19
153 32
154 19
155 81
156 32
157 32
158 32
159 50
160 6
161 94
162 19
163 19
164 107
165 107
166 107
167 63
168 4
169 45
170 2
171 120
172 27
173 27
174 27
175 76
176 14
177 27
178 27
179 27
180 14
181 14
182 89
183 89
184 14
185 40
186 14
187 40
188 102
189 102
190 102
191 40
192 9
193 115
194 115
195 115
196 22
197 22
198 22
199 115
200 22
201 8
202 22
203 35
204 22
205 22
206 84
207 84
208 9
209 35
210 35
211 35
212 9
213 9
214 97
215 97
216 110
217 22
218 110
219 48
220 110
221 110
222 66
223 66
224 17
225 48
226 5
227 3
228 30
229 30
230 30
231 123
232 17
233 79
234 17
235 123
236 30
237 30
238 30
239 48
240 17
241 17
242 92
243 92
244 17
245 17
246 43
247 43
248 105
249 43
250 105
251 61
252 105
253 105
254 43
255 43
256 0
257 118
258 118
259 118
260 25
261 25
262 25
263 74
264 25
265 118
266 25
267 13
268 25
269 25
270 38
271 38
272 12
273 25
274 87
275 87
276 12
277 12
278 38
279 38
280 12
281 38
282 12
283 56
284 100
285 100
286 100
287 38
288 20
289 25
290 113
291 113
292 113
293 113
294 113
295 51
296 20
297 69
298 20
299 113
300 8
301 8
302 6
303 38
304 20
305 33
306 33
307 33
308 20
309 20
310 82
311 82
312 33
313 126
314 33
315 33
316 33
317 33
318 51
319 51
320 7
321 20
322 95
323 95
324 20
325 20
326 20
327 139
328 108
329 46
330 108
331 20
332 108
333 108
334 64
335 64
336 5
337 108
338 46
339 46
340 3
341 1
342 121
343 121
344 28
345 121
346 28
347 121
348 28
349 28
350 77
351 77
352 15
353 121
354 28
355 28
356 28
357 28
358 28
359 46
360 15
361 41
362 15
363 41
364 90
365 90
366 90
367 41
368 15
369 15
370 41
371 41
372 15
373 15
374 41
375 41
376 103
377 59
378 103
379 54
380 103
381 103
382 41
383 41
384 10
385 28
386 116
387 116
388 116
389 116
390 116
391 116
392 23
393 54
394 23
395 72
396 23
397 23
398 116
399 116
400 23
401 11
402 9
403 9
404 23
405 23
406 36
407 36
408 23
409 36
410 23
411 129
412 85
413 85
414 85
415 129
416 10
417 129
418 36
419 36
420 36
421 36
422 36
423 22
424 10
425 54
426 10
427 49
428 98
429 98
430 98
431 36
432 111
433 23
434 23
435 23
436 111
437 111
438 49
439 49
440 111
441 23
442 111
443 49
444 67
445 67
446 67
447 93
448 18
449 111
450 49
451 49
452 6
453 6
454 4
455 36
456 31
457 124
458 31
459 124
460 31
461 31
462 124
463 124
464 18
465 31
466 80
467 80
468 18
469 18
470 124
471 124
472 31
473 31
474 31
475 19
476 31
477 31
478 49
479 49
480 18
481 44
482 18
483 18
484 93
485 93
486 93
487 137
488 18
489 44
490 18
491 137
492 44
493 44
494 44
495 93
496 106
497 18
498 44
499 44
500 106
501 106
502 62
503 62
504 106
505 57
506 106
507 31
508 44
509 44
510 44
511 57
512 0
513 31
514 119
515 119
516 119
517 119
518 119
519 57
520 26
521 119
522 26
523 119
524 26
525 26
526 75
527 75
528 26
529 26
530 119
531 119
532 26
533 26
534 14
535 14
536 26
537 12
538 26
539 44
540 39
541 39
542 39
543 132
544 13
545 39
546 26
547 26
548 88
549 88
550 88
551 39
552 13
553 132
554 13
555 26
556 39
557 39
558 39
559 83
560 13
561 39
562 39
563 39
564 13
565 13
566 57
567 57
568 101
569 52
570 101
571 26
572 101
573 101
574 39
575 39
576 21
577 26
578 26
579 26
580 114
581 114
582 114
583 26
584 114
585 52
586 114
587 114
588 114
589 114
590 52
591 52
592 21
593 70
594 70
595 70
596 21
597 21
598 114
599 114
600 9
601 52
602 9
603 65
604 7
605 7
606 39
607 39
608 21
609 127
610 34
611 34
612 34
613 34
614 34
615 65
616 21
617 127
618 21
619 127
620 83
621 83
622 83
623 127
624 34
625 21
626 127
627 127
628 34
629 34
630 34
631 34
632 34
633 22
634 34
635 20
636 52
637 52
638 52
639 127
640 8
641 47
642 21
643 21
644 96
645 96
646 96
647 34
648 21
649 140
650 21
651 96
652 21
653 21
654 140
655 140
656 109
657 47
658 47
659 47
660 109
661 109
662 21
663 21
664 109
665 47
666 109
667 140
668 65
669 65
670 65
671 91
672 6
673 60
674 109
675 109
676 47
677 47
678 47
679 60
680 4
681 60
682 2
683 34
684 122
685 122
686 122
687 34
688 29
689 122
690 122
691 122
692 29
693 29
694 122
695 122
696 29
697 122
698 29
699 60
700 78
701 78
702 78
703 166
704 16
705 29
706 122
707 122
708 29
709 29
710 29
711 60
712 29
713 17
714 29
715 15
716 29
717 29
718 47
719 47
720 16
721 42
722 42
723 42
724 16
725 16
726 42
727 42
728 91
729 29
730 91
731 135
732 91
733 91
734 42
735 42
736 16
737 135
738 16
739 16
740 42
741 42
742 42
743 91
744 16
745 86
746 16
747 42
748 42
749 42
750 42
751 135
752 104
753 16
754 60
755 60
756 104
757 104
758 55
759 55
760 104
761 29
762 104
763 148
764 42
765 42
766 42
767 55
768 11
769 29
770 29
771 29
772 117
773 117
774 117
775 148
776 117
777 29
778 117
779 55
780 117
781 117
782 117
783 117
784 24
785 117
786 55
787 55
788 24
789 24
790 73
791 73
792 24
793 73
794 24
795 99
796 117
797 117
798 117
799 68
800 24
801 55
802 12
803 12
804 10
805 10
806 10
807 68
808 24
809 42
810 24
811 130
812 37
813 37
814 37
815 130
816 24
817 37
818 37
819 37
820 24
821 24
822 130
823 130
824 86
825 130
826 86
827 37
828 86
829 86
830 130
831 130
832 11
833 24
834 130
835 130
836 37
837 37
838 37
839 81
840 37
841 37
842 37
843 37
844 37
845 37
846 23
847 23
848 11
849 55
850 55
851 55
852 11
853 11
854 50
855 50
856 99
857 24
858 99
859 143
860 99
861 99
862 37
863 37
864 112
865 143
866 24
867 24
868 24
869 24
870 24
871 174
872 112
873 143
874 112
875 24
876 50
877 50
878 50
879 143
880 112
881 112
882 24
883 24
884 112
885 112
886 50
887 50
888 68
889 143
890 68
891 36
892 68
893 68
894 94
895 94
896 19
897 63
898 112
899 112
900 50
901 50
902 50
903 112
904 7
905 63
906 7
907 50
908 5
909 5
910 37
911 37
912 32
913 125
914 125
915 125
916 32
917 32
918 125
919 125
920 32
921 125
922 32
923 63
924 125
925 125
926 125
927 112
928 19
929 125
930 32
931 32
932 81
933 81
934 81
935 125
936 19
937 169
938 19
939 81
940 125
941 125
942 125
943 32
944 32
945 32
946 32
947 32
948 32
949 32
950 20
951 20
952 32
953 18
954 32
955 18
956 50
957 50
958 50
959 125
960 19
961 45
962 45
963 45
964 19
965 19
966 19
967 138
968 94
969 45
970 94
971 32
972 94
973 94
974 138
975 138
976 19
977 94
978 45
979 45
980 19
981 19
982 138
983 138
984 45
985 19
986 45
987 32
988 45
989 45
990 94
991 94
992 107
993 89
994 19
995 19
996 45
997 45
998 45
999 45
1000 107
1001 138
1002 107
1003 31
1004 63
1005 63
1006 63
1007 89
1008 107
1009 107
1010 58
1011 58
1012 107
1013 107
1014 32
1015 32
1016 45
1017 151
1018 45
1019 58
1020 45
1021 45
1022 58
1023 58
1024 0
1025 32
1026 32
1027 32
1028 120
1029 120
1030 120
1031 32
1032 120
1033 151
1034 120
1035 120
1036 120
1037 120
1038 58
1039 58
1040 27
1041 120
1042 120
1043 120
1044 27
1045 27
1046 120
1047 120
1048 27
1049 58
1050 27
1051 89
1052 76
1053 76
1054 76
1055 164
1056 27
1057 76
1058 27
1059 27
1060 120
1061 120
1062 120
1063 71
1064 27
1065 71
1066 27
1067 58
1068 15
1069 15
1070 15
1071 164
1072 27
1073 13
1074 13
1075 13
1076 27
1077 27
1078 45
1079 45
1080 40
1081 133
1082 40
1083 133
1084 40
1085 40
1086 133
1087 133
1088 14
1089 40
1090 40
1091 40
1092 27
1093 27
1094 27
1095 71
1096 89
1097 133
1098 89
1099 27
1100 89
1101 89
1102 40
1103 40
1104 14
1105 89
1106 133
1107 133
1108 14
1109 14
1110 27
1111 27
1112 40
1113 133
1114 40
1115 89
1116 40
1117 40
1118 84
1119 84
1120 14
1121 40
1122 40
1123 40
1124 40
1125 40
1126 40
1127 133
1128 14
1129 26
1130 14
1131 26
1132 58
1133 58
1134 58
1135 58
1136 102
1137 14
1138 53
1139 53
1140 102
1141 102
1142 27
1143 27
1144 102
1145 146
1146 102
1147 53
1148 40
1149 40
1150 40
1151 53
1152 22
1153 146
1154 27
1155 27
1156 27
1157 27
1158 27
1159 53
1160 115
1161 177
1162 115
1163 146
1164 115
1165 115
1166 27
1167 27
1168 115
1169 53
1170 53
1171 53
1172 115
1173 115
1174 115
1175 115
1176 115
1177 27
1178 115
1179 53
1180 53
1181 53
1182 53
1183 84
1184 22
1185 146
1186 71
1187 71
1188 71
1189 71
1190 71
1191 39
1192 22
1193 97
1194 22
1195 115
1196 115
1197 115
1198 115
1199 66
1200 10
1201 53
1202 53
1203 53
1204 10
1205 10
1206 66
1207 66
1208 8
1209 53
1210 8
1211 66
1212 40
1213 40
1214 40
1215 159
1216 22
1217 128
1218 128
1219 128
1220 35
1221 35
1222 35
1223 128
1224 35
1225 128
1226 35
1227 128
1228 35
1229 35
1230 66
1231 66
1232 22
1233 128
1234 128
1235 128
1236 22
1237 22
1238 128
1239 128
1240 84
1241 35
1242 84
1243 66
1244 84
1245 84
1246 128
1247 128
1248 35
1249 172
1250 22
1251 22
1252 128
1253 128
1254 128
1255 84
1256 35
1257 35
1258 35
1259 79
1260 35
1261 35
1262 35
1263 172
1264 35
1265 35
1266 23
1267 23
1268 35
1269 35
1270 21
1271 21
1272 53
1273 21
1274 53
1275 79
1276 53
1277 53
1278 128
1279 128
1280 9
1281 48
1282 48
1283 48
1284 22
1285 22
1286 22
1287 141
1288 97
1289 141
1290 97
1291 48
1292 97
1293 97
1294 35
1295 35
1296 22
1297 97
1298 141
1299 141
1300 22
1301 22
1302 97
1303 97
1304 22
1305 48
1306 22
1307 172
1308 141
1309 141
1310 141
1311 97
1312 110
1313 22
1314 48
1315 48
1316 48
1317 48
1318 48
1319 141
1320 110
1321 97
1322 110
1323 48
1324 22
1325 22
1326 22
1327 48
1328 110
1329 48
1330 48
1331 48
1332 110
1333 110
1334 141
1335 141
1336 66
1337 34
1338 66
1339 22
1340 66
1341 66
1342 92
1343 92
1344 7
1345 110
1346 61
1347 61
1348 110
1349 110
1350 110
1351 154
1352 48
1353 35
1354 48
1355 110
1356 48
1357 48
1358 61
1359 61
1360 5
1361 48
1362 61
1363 61
1364 3
1365 1
1366 35
1367 35
1368 123
1369 35
1370 123
1371 110
1372 123
1373 123
1374 35
1375 35
1376 30
1377 154
1378 123
1379 123
1380 123
1381 123
1382 123
1383 92
1384 30
1385 61
1386 30
1387 61
1388 123
1389 123
1390 123
1391 110
1392 30
1393 30
1394 123
1395 123
1396 30
1397 30
1398 61
1399 61
1400 79
1401 92
1402 79
1403 123
1404 79
1405 79
1406 167
1407 167
1408 17
1409 79
1410 30
1411 30
1412 123
1413 123
1414 123
1415 30
1416 30
1417 74
1418 30
1419 123
1420 30
1421 30
1422 61
1423 61
1424 30
1425 18
1426 18
1427 18
1428 30
1429 30
1430 16
1431 16
1432 30
1433 16
1434 30
1435 74
1436 48
1437 48
1438 48
1439 123
1440 17
1441 136
1442 43
1443 43
1444 43
1445 43
1446 43
1447 48
1448 17
1449 136
1450 17
1451 136
1452 43
1453 43
1454 43
1455 136
1456 92
1457 30
1458 30
1459 30
1460 92
1461 92
1462 136
1463 136
1464 92
1465 30
1466 92
1467 136
1468 43
1469 43
1470 43
1471 167
1472 17
1473 92
1474 136
1475 136
1476 17
1477 17
1478 17
1479 92
1480 43
1481 30
1482 43
1483 136
1484 43
1485 43
1486 92
1487 92
1488 17
1489 43
1490 87
1491 87
1492 17
1493 17
1494 43
1495 43
1496 43
1497 43
1498 43
1499 43
1500 43
1501 43
1502 136
1503 136
1504 105
1505 29
1506 17
1507 17
1508 61
1509 61
1510 61
1511 87
1512 105
1513 61
1514 105
1515 136
1516 56
1517 56
1518 56
1519 149
1520 105
1521 105
1522 30
1523 30
1524 105
1525 105
1526 149
1527 149
1528 43
1529 56
1530 43
1531 56
1532 43
1533 43
1534 56
1535 56
1536 12
1537 149
1538 30
1539 30
1540 30
1541 30
1542 30
1543 105
1544 118
1545 56
1546 118
1547 30
1548 118
1549 118
1550 149
1551 149
1552 118
1553 118
1554 30
1555 30
1556 118
1557 118
1558 56
1559 56
1560 118
1561 56
1562 118
1563 149
1564 118
1565 118
1566 118
1567 56
1568 25
1569 30
1570 118
1571 118
1572 56
1573 56
1574 56
1575 56
1576 25
1577 87
1578 25
1579 118
1580 74
1581 74
1582 74
1583 162
1584 25
1585 74
1586 74
1587 74
1588 25
1589 25
1590 100
1591 100
1592 118
1593 118
1594 118
1595 69
1596 118
1597 118
1598 69
1599 69
1600 25
1601 56
1602 56
1603 56
1604 13
1605 13
1606 13
1607 162
1608 11
1609 69
1610 11
1611 13
1612 11
1613 11
1614 69
1615 69
1616 25
1617 43
1618 43
1619 43
1620 25
1621 25
1622 131
1623 131
1624 38
1625 131
1626 38
1627 69
1628 38
1629 38
1630 131
1631 131
1632 25
1633 131
1634 38
1635 38
1636 38
1637 38
1638 38
1639 100
1640 25
1641 69
1642 25
1643 69
1644 131
1645 131
1646 131
1647 131
1648 87
1649 25
1650 131
1651 131
1652 87
1653 87
1654 38
1655 38
1656 87
1657 69
1658 87
1659 38
1660 131
1661 131
1662 131
1663 69
1664 12
1665 175
1666 25
1667 25
1668 131
1669 131
1670 131
1671 38
1672 38
1673 87
1674 38
1675 131
1676 38
1677 38
1678 82
1679 82
1680 38
1681 38
1682 38
1683 38
1684 38
1685 38
1686 38
1687 38
1688 38
1689 26
1690 38
1691 131
1692 24
1693 24
1694 24
1695 175
1696 12
1697 24
1698 56
1699 56
1700 56
1701 56
1702 56
1703 56
1704 12
1705 131
1706 12
1707 144
1708 51
1709 51
1710 51
1711 144
1712 100
1713 25
1714 25
1715 25
1716 100
1717 100
1718 144
1719 144
1720 100
1721 51
1722 100
1723 51
1724 38
1725 38
1726 38
1727 51
1728 113
1729 100
1730 144
1731 144
1732 25
1733 25
1734 25
1735 100
1736 25
1737 100
1738 25
1739 51
1740 25
1741 25
1742 175
1743 175
1744 113
1745 144
1746 144
1747 144
1748 113
1749 113
1750 25
1751 25
1752 51
1753 51
1754 51
1755 38
1756 51
1757 51
1758 144
1759 144
1760 113
1761 100
1762 113
1763 113
1764 25
1765 25
1766 25
1767 144
1768 113
1769 51
1770 113
1771 51
1772 51
1773 51
1774 51
1775 82
1776 69
1777 113
1778 144
1779 144
1780 69
1781 69
1782 37
1783 37
1784 69
1785 25
1786 69
1787 37
1788 95
1789 95
1790 95
1791 95
1792 20
1793 113
1794 64
1795 64
1796 113
1797 113
1798 113
1799 64
1800 51
1801 157
1802 51
1803 38
1804 51
1805 51
1806 113
1807 113
1808 8
1809 51
1810 64
1811 64
1812 8
1813 8
1814 51
1815 51
1816 6
1817 64
1818 6
1819 157
1820 38
1821 38
1822 38
1823 157
1824 33
1825 38
1826 126
1827 126
1828 126
1829 126
1830 126
1831 64
1832 33
1833 38
1834 33
1835 126
1836 126
1837 126
1838 126
1839 157
1840 33
1841 126
1842 126
1843 126
1844 33
1845 33
1846 64
1847 64
1848 126
1849 64
1850 126
1851 126
1852 126
1853 126
1854 113
1855 113
1856 20
1857 33
1858 126
1859 126
1860 33
1861 33
1862 33
1863 64
1864 82
1865 64
1866 82
1867 33
1868 82
1869 82
1870 126
1871 126
1872 20
1873 82
1874 170
1875 170
1876 20
1877 20
1878 82
1879 82
1880 126
1881 33
1882 126
1883 82
1884 126
1885 126
1886 33
1887 33
1888 33
1889 77
1890 33
1891 33
1892 33
1893 33
1894 33
1895 170
1896 33
1897 64
1898 33
1899 64
1900 21
1901 21
1902 21
1903 126
1904 33
1905 33
1906 19
1907 19
1908 33
1909 33
1910 19
1911 19
1912 51
1913 77
1914 51
1915 170
1916 51
1917 51
1918 126
1919 126
1920 20
1921 139
1922 46
1923 46
1924 46
1925 46
1926 46
1927 46
1928 20
1929 51
1930 20
1931 139
1932 20
1933 20
1934 139
1935 139
1936 95
1937 46
1938 46
1939 46
1940 95
1941 95
1942 33
1943 33
1944 95
1945 33
1946 95
1947 77
1948 139
1949 139
1950 139
1951 170
1952 20
1953 33
1954 95
1955 95
1956 46
1957 46
1958 46
1959 77
1960 20
1961 170
1962 20
1963 77
1964 139
1965 139
1966 139
1967 95
1968 46
1969 20
1970 20
1971 20
1972 46
1973 46
1974 33
1975 33
1976 46
1977 139
1978 46
1979 139
1980 95
1981 95
1982 95
1983 46
1984 108
1985 46
1986 90
1987 90
1988 20
1989 20
1990 20
1991 46
1992 46
1993 46
1994 46
1995 46
1996 46
1997 46
1998 46
1999 46
2000 108
2001 46
2002 139
2003 139
2004 108
2005 108
2006 32
2007 32
2008 64
2009 20
2010 64
2011 32
2012 64
2013 64
2014 90
2015 90
2016 108
2017 64
2018 108
2019 108
2020 59
2021 59
2022 59
2023 152
2024 108
2025 152
2026 108
2027 152
2028 33
2029 33
2030 33
2031 59
2032 46
2033 108
2034 152
2035 152
2036 46
2037 46
2038 59
2039 59
2040 46
2041 59
2042 46
2043 152
2044 59
2045 59
2046 59
2047 152
2048 0
2049 152
2050 33
2051 33
2052 33
2053 33
2054 33
2055 33
2056 121
2057 108
2058 121
2059 33
2060 121
2061 121
2062 33
2063 33
2064 121
2065 121
2066 152
2067 152
2068 121
2069 121
2070 121
2071 121
2072 121
2073 33
2074 121
2075 90
2076 59
2077 59
2078 59
2079 46
2080 28
2081 59
2082 121
2083 121
2084 121
2085 121
2086 121
2087 108
2088 28
2089 59
2090 28
2091 33
2092 121
2093 121
2094 121
2095 103
2096 28
2097 59
2098 59
2099 59
2100 28
2101 28
2102 90
2103 90
2104 77
2105 121
2106 77
2107 152
2108 77
2109 77
2110 165
2111 165
2112 28
2113 77
2114 77
2115 77
2116 28
2117 28
2118 28
2119 77
2120 121
2121 103
2122 121
2123 28
2124 121
2125 121
2126 72
2127 72
2128 28
2129 121
2130 72
2131 72
2132 28
2133 28
2134 59
2135 59
2136 16
2137 59
2138 16
2139 72
2140 16
2141 16
2142 165
2143 165
2144 28
2145 72
2146 14
2147 14
2148 14
2149 14
2150 14
2151 103
2152 28
2153 72
2154 28
2155 165
2156 46
2157 46
2158 46
2159 121
2160 41
2161 28
2162 134
2163 134
2164 41
2165 41
2166 134
2167 134
2168 41
2169 72
2170 41
2171 46
2172 134
2173 134
2174 134
2175 72
2176 15
2177 134
2178 41
2179 41
2180 41
2181 41
2182 41
2183 134
2184 28
2185 103
2186 28
2187 72
2188 28
2189 28
2190 72
2191 72
2192 90
2193 134
2194 134
2195 134
2196 90
2197 90
2198 28
2199 28
2200 90
2201 134
2202 90
2203 46
2204 41
2205 41
2206 41
2207 165
2208 15
2209 72
2210 90
2211 90
2212 134
2213 134
2214 134
2215 116
2216 15
2217 72
2218 15
2219 90
2220 28
2221 28
2222 28
2223 178
2224 41
2225 134
2226 134
2227 134
2228 41
2229 41
2230 90
2231 90
2232 41
2233 134
2234 41
2235 41
2236 85
2237 85
2238 85
2239 134
2240 15
2241 41
2242 41
2243 41
2244 41
2245 41
2246 41
2247 72
2248 41
2249 41
2250 41
2251 29
2252 41
2253 41
2254 134
2255 134
2256 15
2257 27
2258 27
2259 27
2260 15
2261 15
2262 27
2263 27
2264 59
2265 59
2266 59
2267 85
2268 59
2269 59
2270 59
2271 59
2272 103
2273 134
2274 15
2275 15
2276 54
2277 54
2278 54
2279 147
2280 103
2281 147
2282 103
2283 54
2284 28
2285 28
2286 28
2287 116
2288 103
2289 103
2290 147
2291 147
2292 103
2293 103
2294 54
2295 54
2296 41
2297 54
2298 41
2299 147
2300 41
2301 41
2302 54
2303 54
2304 23
2305 103
2306 147
2307 147
2308 28
2309 28
2310 28
2311 147
2312 28
2313 103
2314 28
2315 103
2316 28
2317 28
2318 54
2319 54
2320 116
2321 28
2322 178
2323 178
2324 116
2325 116
2326 147
2327 147
2328 116
2329 147
2330 116
2331 103
2332 28
2333 28
2334 28
2335 85
2336 116
2337 54
2338 54
2339 54
2340 54
2341 54
2342 54
2343 147
2344 116
2345 147
2346 116
2347 103
2348 116
2349 116
2350 116
2351 54
2352 116
2353 28
2354 28
2355 28
2356 116
2357 116
2358 54
2359 54
2360 54
2361 54
2362 54
2363 54
2364 54
2365 54
2366 85
2367 85
2368 23
2369 116
2370 147
2371 147
2372 72
2373 72
2374 72
2375 160
2376 72
2377 40
2378 72
2379 72
2380 72
2381 72
2382 40
2383 40
2384 23
2385 98
2386 98
2387 98
2388 23
2389 23
2390 116
2391 116
2392 116
2393 67
2394 116
2395 28
2396 116
2397 116
2398 67
2399 67
2400 11
2401 160
2402 54
2403 54
2404 54
2405 54
2406 54
2407 67
2408 11
2409 116
2410 11
2411 160
2412 67
2413 67
2414 67
2415 116
2416 9
2417 11
2418 54
2419 54
2420 9
2421 9
2422 67
2423 67
2424 41
2425 160
2426 41
2427 116
2428 41
2429 41
2430 160
2431 160
2432 23
2433 41
2434 129
2435 129
2436 129
2437 129
2438 129
2439 129
2440 36
2441 67
2442 36
2443 41
2444 36
2445 36
2446 129
2447 129
2448 36
2449 129
2450 129
2451 129
2452 36
2453 36
2454 129
2455 129
2456 36
2457 129
2458 36
2459 98
2460 67
2461 67
2462 67
2463 204
2464 23
2465 67
2466 129
2467 129
2468 129
2469 129
2470 129
2471 129
2472 23
2473 116
2474 23
2475 67
2476 129
2477 129
2478 129
2479 41
2480 85
2481 36
2482 36
2483 36
2484 85
2485 85
2486 67
2487 67
2488 85
2489 36
2490 85
2491 98
2492 129
2493 129
2494 129
2495 67
2496 36
2497 85
2498 173
2499 173
2500 23
2501 23
2502 23
2503 53
2504 129
2505 85
2506 129
2507 36
2508 129
2509 129
2510 85
2511 85
2512 36
2513 129
2514 36
2515 36
2516 36
2517 36
2518 80
2519 80
2520 36
2521 36
2522 36
2523 129
2524 36
2525 36
2526 173
2527 173
2528 36
2529 67
2530 36
2531 36
2532 24
2533 24
2534 24
2535 80
2536 36
2537 129
2538 36
2539 173
2540 22
2541 22
2542 22
2543 173
2544 54
2545 36
2546 22
2547 22
2548 54
2549 54
2550 80
2551 80
2552 54
2553 173
2554 54
2555 54
2556 129
2557 129
2558 129
2559 111
2560 10
2561 142
2562 49
2563 49
2564 49
2565 49
2566 49
2567 142
2568 23
2569 49
2570 23
2571 49
2572 23
2573 23
2574 142
2575 142
2576 98
2577 23
2578 142
2579 142
2580 98
2581 98
2582 49
2583 49
2584 98
2585 49
2586 98
2587 142
2588 36
2589 36
2590 36
2591 49
2592 23
2593 36
2594 98
2595 98
2596 142
2597 142
2598 142
2599 142
2600 23
2601 173
2602 23
2603 98
2604 98
2605 98
2606 98
2607 80
2608 23
2609 49
2610 49
2611 49
2612 23
2613 23
2614 173
2615 173
2616 142
2617 80
2618 142
2619 98
2620 142
2621 142
2622 98
2623 98
2624 111
2625 23
2626 23
2627 23
2628 49
2629 49
2630 49
2631 186
2632 49
2633 36
2634 49
2635 49
2636 49
2637 49
2638 142
2639 142
2640 111
2641 98
2642 98
2643 98
2644 111
2645 111
2646 49
2647 49
2648 23
2649 93
2650 23
2651 142
2652 23
2653 23
2654 49
2655 49
2656 111
2657 49
2658 49
2659 49
2660 49
2661 49
2662 49
2663 80
2664 111
2665 49
2666 111
2667 37
2668 142
2669 142
2670 142
2671 37
2672 67
2673 111
2674 35
2675 35
2676 67
2677 67
2678 23
2679 23
2680 67
2681 35
2682 67
2683 67
2684 93
2685 93
2686 93
2687 93
2688 8
2689 67
2690 111
2691 111
2692 62
2693 62
2694 62
2695 23
2696 111
2697 155
2698 111
2699 62
2700 111
2701 111
2702 155
2703 155
2704 49
2705 36
2706 36
2707 36
2708 49
2709 49
2710 111
2711 111
2712 49
2713 155
2714 49
2715 93
2716 62
2717 62
2718 62
2719 62
2720 6
2721 62
2722 49
2723 49
2724 62
2725 62
2726 62
2727 124
2728 4
2729 155
2730 2
2731 111
2732 36
2733 36
2734 36
2735 155
2736 124
2737 36
2738 36
2739 36
2740 124
2741 124
2742 111
2743 111
2744 124
2745 36
2746 124
2747 62
2748 36
2749 36
2750 36
2751 168
2752 31
2753 124
2754 155
2755 155
2756 124
2757 124
2758 124
2759 155
2760 124
2761 124
2762 124
2763 36
2764 124
2765 124
2766 93
2767 93
2768 31
2769 62
2770 62
2771 62
2772 31
2773 31
2774 62
2775 62
2776 124
2777 124
2778 124
2779 155
2780 124
2781 124
2782 111
2783 111
2784 31
2785 62
2786 31
2787 31
2788 124
2789 124
2790 124
2791 62
2792 31
2793 106
2794 31
2795 62
2796 62
2797 62
2798 62
2799 62
2800 80
2801 31
2802 93
2803 93
2804 80
2805 80
2806 124
2807 124
2808 80
2809 155
2810 80
2811 50
2812 168
2813 168
2814 168
2815 155
2816 18
2817 80
2818 80
2819 80
2820 31
2821 31
2822 31
2823 48
2824 124
2825 80
2826 124
2827 106
2828 124
2829 124
2830 31
2831 31
2832 31
2833 124
2834 75
2835 75
2836 31
2837 31
2838 124
2839 124
2840 31
2841 75
2842 31
2843 168
2844 62
2845 62
2846 62
2847 168
2848 31
2849 62
2850 19
2851 19
2852 19
2853 19
2854 19
2855 124
2856 31
2857 168
2858 31
2859 75
2860 17
2861 17
2862 17
2863 75
2864 31
2865 17
2866 17
2867 17
2868 31
2869 31
2870 75
2871 75
2872 49
2873 168
2874 49
2875 49
2876 49
2877 49
2878 124
2879 124
2880 18
2881 31
2882 137
2883 137
2884 44
2885 44
2886 44
2887 124
2888 44
2889 137
2890 44
2891 44
2892 44
2893 44
2894 49
2895 49
2896 18
2897 137
2898 137
2899 137
2900 18
2901 18
2902 137
2903 137
2904 44
2905 44
2906 44
2907 137
2908 44
2909 44
2910 137
2911 137
2912 93
2913 106
2914 31
2915 31
2916 31
2917 31
2918 31
2919 212
2920 93
2921 75
2922 93
2923 137
2924 137
2925 137
2926 137
2927 168
2928 93
2929 93
2930 31
2931 31
2932 93
2933 93
2934 137
2935 137
2936 44
2937 49
2938 44
2939 75
2940 44
2941 44
2942 168
2943 168
2944 18
2945 75
2946 93
2947 93
2948 137
2949 137
2950 137
2951 93
2952 18
2953 119
2954 18
2955 137
2956 18
2957 18
2958 93
2959 93
2960 44
2961 31
2962 31
2963 31
2964 44
2965 44
2966 137
2967 137
2968 44
2969 137
2970 44
2971 44
2972 93
2973 93
2974 93
2975 44
2976 18
2977 137
2978 44
2979 44
2980 88
2981 88
2982 88
2983 137
2984 18
2985 137
2986 18
2987 44
2988 44
2989 44
2990 44
2991 44
2992 44
2993 44
2994 44
2995 44
2996 44
2997 44
2998 44
2999 44
3000 44
3001 32
3002 44
3003 32
3004 137
3005 137
3006 137
3007 150
3008 106
3009 30
3010 30
3011 30
3012 18
3013 18
3014 18
3015 88
3016 62
3017 30
3018 62
3019 62
3020 62
3021 62
3022 88
3023 88
3024 106
3025 62
3026 62
3027 62
3028 106
3029 106
3030 137
3031 137
3032 57
3033 18
3034 57
3035 150
3036 57
3037 57
3038 150
3039 150
3040 106
3041 150
3042 106
3043 106
3044 31
3045 31
3046 31
3047 57
3048 106
3049 119
3050 106
3051 150
3052 150
3053 150
3054 150
3055 88
3056 44
3057 106
3058 57
3059 57
3060 44
3061 44
3062 57
3063 57
3064 44
3065 150
3066 44
3067 57
3068 57
3069 57
3070 57
3071 150
3072 13
3073 106
3074 150
3075 150
3076 31
3077 31
3078 31
3079 150
3080 31
3081 150
3082 31
3083 31
3084 31
3085 31
3086 106
3087 106
3088 119
3089 31
3090 57
3091 57
3092 119
3093 119
3094 31
3095 31
3096 119
3097 181
3098 119
3099 132
3100 150
3101 150
3102 150
3103 88
3104 119
3105 150
3106 119
3107 119
3108 31
3109 31
3110 31
3111 31
3112 119
3113 88
3114 119
3115 57
3116 57
3117 57
3118 57
3119 44
3120 119
3121 57
3122 57
3123 57
3124 119
3125 119
3126 150
3127 150
3128 119
3129 106
3130 119
3131 106
3132 119
3133 119
3134 57
3135 57
3136 26
3137 31
3138 31
3139 31
3140 119
3141 119
3142 119
3143 101
3144 57
3145 57
3146 57
3147 119
3148 57
3149 57
3150 57
3151 57
3152 26
3153 57
3154 88
3155 88
3156 26
3157 26
3158 119
3159 119
3160 75
3161 150
3162 75
3163 45
3164 75
3165 75
3166 163
3167 163
3168 26
3169 43
3170 75
3171 75
3172 75
3173 75
3174 75
3175 194
3176 26
3177 43
3178 26
3179 75
3180 101
3181 101
3182 101
3183 57
3184 119
3185 26
3186 119
3187 119
3188 119
3189 119
3190 70
3191 70
3192 119
3193 31
3194 119
3195 70
3196 70
3197 70
3198 70
3199 163
3200 26
3201 163
3202 57
3203 57
3204 57
3205 57
3206 57
3207 44
3208 14
3209 70
3210 14
3211 119
3212 14
3213 14
3214 163
3215 163
3216 12
3217 70
3218 70
3219 70
3220 12
3221 12
3222 14
3223 14
3224 12
3225 57
3226 12
3227 101
3228 70
3229 70
3230 70
3231 163
3232 26
3233 163
3234 44
3235 44
3236 44
3237 44
3238 44
3239 119
3240 26
3241 163
3242 26
3243 44
3244 132
3245 132
3246 132
3247 44
3248 39
3249 132
3250 132
3251 132
3252 39
3253 39
3254 70
3255 70
3256 39
3257 44
3258 39
3259 44
3260 132
3261 132
3262 132
3263 70
3264 26
3265 132
3266 132
3267 132
3268 39
3269 39
3270 39
3271 132
3272 39
3273 132
3274 39
3275 132
3276 39
3277 39
3278 101
3279 101
3280 26
3281 70
3282 70
3283 70
3284 26
3285 26
3286 70
3287 70
3288 132
3289 132
3290 132
3291 132
3292 132
3293 132
3294 132
3295 132
3296 88
3297 119
3298 26
3299 26
3300 132
3301 132
3302 132
3303 70
3304 88
3305 44
3306 88
3307 70
3308 39
3309 39
3310 39
3311 163
3312 88
3313 88
3314 70
3315 70
3316 88
3317 88
3318 39
3319 39
3320 132
3321 101
3322 132
3323 114
3324 132
3325 132
3326 70
3327 70
3328 13
3329 88
3330 176
3331 176
3332 26
3333 26
3334 26
3335 176
3336 132
3337 56
3338 132
3339 88
3340 132
3341 132
3342 39
3343 39
3344 39
3345 132
3346 88
3347 88
3348 39
3349 39
3350 132
3351 132
3352 39
3353 39
3354 39
3355 88
3356 83
3357 83
3358 83
3359 132
3360 39
3361 39
3362 39
3363 39
3364 39
3365 39
3366 39
3367 83
3368 39
3369 176
3370 39
3371 70
3372 39
3373 39
3374 39
3375 132
3376 39
3377 27
3378 27
3379 27
3380 39
3381 39
3382 132
3383 132
3384 25
3385 176
3386 25
3387 39
3388 25
3389 25
3390 176
3391 176
3392 13
3393 39
3394 25
3395 25
3396 57
3397 57
3398 57
3399 114
3400 57
3401 83
3402 57
3403 57
3404 57
3405 57
3406 57
3407 57
3408 13
3409 132
3410 132
3411 132
3412 13
3413 13
3414 145
3415 145
3416 52
3417 52
3418 52
3419 145
3420 52
3421 52
3422 145
3423 145
3424 101
3425 52
3426 26
3427 26
3428 26
3429 26
3430 26
3431 114
3432 101
3433 145
3434 101
3435 145
3436 145
3437 145
3438 145
3439 145
3440 101
3441 101
3442 52
3443 52
3444 101
3445 101
3446 52
3447 52
3448 39
3449 145
3450 39
3451 52
3452 39
3453 39
3454 52
3455 52
3456 114
3457 39
3458 101
3459 101
3460 145
3461 145
3462 145
3463 101
3464 26
3465 145
3466 26
3467 145
3468 26
3469 26
3470 101
3471 101
3472 26
3473 101
3474 101
3475 101
3476 26
3477 26
3478 52
3479 52
3480 26
3481 52
3482 26
3483 83
3484 176
3485 176
3486 176
3487 127
3488 114
3489 83
3490 145
3491 145
3492 145
3493 145
3494 145
3495 52
3496 114
3497 101
3498 114
3499 127
3500 26
3501 26
3502 26
3503 83
3504 52
3505 52
3506 52
3507 52
3508 52
3509 52
3510 39
3511 39
3512 52
3513 52
3514 52
3515 145
3516 145
3517 145
3518 145
3519 69
3520 114
3521 101
3522 101
3523 101
3524 114
3525 114
3526 114
3527 52
3528 26
3529 52
3530 26
3531 96
3532 26
3533 26
3534 145
3535 145
3536 114
3537 26
3538 52
3539 52
3540 114
3541 114
3542 52
3543 52
3544 52
3545 52
3546 52
3547 52
3548 52
3549 52
3550 83
3551 83
3552 70
3553 52
3554 114
3555 114
3556 145
3557 145
3558 145
3559 40
3560 70
3561 40
3562 70
3563 158
3564 38
3565 38
3566 38
3567 189
3568 70
3569 70
3570 26
3571 26
3572 70
3573 70
3574 38
3575 38
3576 96
3577 70
3578 96
3579 70
3580 96
3581 96
3582 96
3583 96
3584 21
3585 70
3586 114
3587 114
3588 65
3589 65
3590 65
3591 145
3592 114
3593 26
3594 114
3595 65
3596 114
3597 114
3598 65
3599 65
3600 52
3601 114
3602 158
3603 158
3604 52
3605 52
3606 39
3607 39
3608 52
3609 39
3610 52
3611 65
3612 114
3613 114
3614 114
3615 65
3616 9
3617 158
3618 52
3619 52
3620 65
3621 65
3622 65
3623 114
3624 9
3625 65
3626 9
3627 52
3628 52
3629 52
3630 52
3631 96
3632 7
3633 65
3634 65
3635 65
3636 7
3637 7
3638 158
3639 158
3640 39
3641 114
3642 39
3643 158
3644 39
3645 39
3646 158
3647 158
3648 34
3649 39
3650 39
3651 39
3652 127
3653 127
3654 127
3655 114
3656 127
3657 114
3658 127
3659 127
3660 127
3661 127
3662 65
3663 65
3664 34
3665 39
3666 39
3667 39
3668 34
3669 34
3670 127
3671 127
3672 127
3673 158
3674 127
3675 96
3676 127
3677 127
3678 158
3679 158
3680 34
3681 127
3682 127
3683 127
3684 127
3685 127
3686 127
3687 39
3688 34
3689 96
3690 34
3691 65
3692 65
3693 65
3694 65
3695 202
3696 127
3697 34
3698 65
3699 65
3700 127
3701 127
3702 127
3703 127
3704 127
3705 158
3706 127
3707 127
3708 114
3709 114
3710 114
3711 233
3712 21
3713 65
3714 34
3715 34
3716 127
3717 127
3718 127
3719 39
3720 34
3721 65
3722 34
3723 127
3724 34
3725 34
3726 65
3727 65
3728 83
3729 65
3730 65
3731 65
3732 83
3733 83
3734 34
3735 34
3736 83
3737 96
3738 83
3739 109
3740 127
3741 127
3742 127
3743 65
3744 21
3745 158
3746 83
3747 83
3748 171
3749 171
3750 171
3751 53
3752 21
3753 158
3754 21
3755 51
3756 83
3757 83
3758 83
3759 83
3760 127
3761 34
3762 34
3763 34
3764 127
3765 127
3766 83
3767 83
3768 127
3769 109
3770 127
3771 109
3772 34
3773 34
3774 34
3775 83
3776 34
3777 127
3778 78
3779 78
3780 34
3781 34
3782 34
3783 127
3784 34
3785 127
3786 34
3787 78
3788 34
3789 34
3790 171
3791 171
3792 34
3793 65
3794 65
3795 65
3796 34
3797 34
3798 65
3799 65
3800 22
3801 22
3802 22
3803 78
3804 22
3805 22
3806 127
3807 127
3808 34
3809 171
3810 34
3811 34
3812 20
3813 20
3814 20
3815 171
3816 34
3817 78
3818 34
3819 22
3820 20
3821 20
3822 20
3823 171
3824 52
3825 34
3826 78
3827 78
3828 52
3829 52
3830 171
3831 171
3832 52
3833 52
3834 52
3835 127
3836 127
3837 127
3838 127
3839 109
3840 21
3841 34
3842 140
3843 140
3844 47
3845 47
3846 47
3847 140
3848 47
3849 127
3850 47
3851 140
3852 47
3853 47
3854 47
3855 47
3856 21
3857 47
3858 52
3859 52
3860 21
3861 21
3862 140
3863 140
3864 21
3865 140
3866 21
3867 78
3868 140
3869 140
3870 140
3871 109
3872 96
3873 47
3874 47
3875 47
3876 47
3877 47
3878 47
3879 140
3880 96
3881 140
3882 96
3883 47
3884 34
3885 34
3886 34
3887 47
3888 96
3889 34
3890 34
3891 34
3892 96
3893 96
3894 78
3895 78
3896 140
3897 140
3898 140
3899 140
3900 140
3901 140
3902 171
3903 171
3904 21
3905 96
3906 34
3907 34
3908 96
3909 96
3910 96
3911 78
3912 47
3913 140
3914 47
3915 96
3916 47
3917 47
3918 78
3919 78
3920 21
3921 47
3922 171
3923 171
3924 21
3925 21
3926 78
3927 78
3928 140
3929 96
3930 140
3931 78
3932 140
3933 140
3934 96
3935 96
3936 47
3937 122
3938 21
3939 21
3940 21
3941 21
3942 21
3943 171
3944 47
3945 96
3946 47
3947 184
3948 34
3949 34
3950 34
3951 66
3952 47
3953 47
3954 140
3955 140
3956 47
3957 47
3958 140
3959 140
3960 96
3961 47
3962 96
3963 47
3964 96
3965 96
3966 47
3967 47
3968 109
3969 140
3970 47
3971 47
3972 91
3973 91
3974 91
3975 47
3976 21
3977 140
3978 21
3979 91
3980 21
3981 21
3982 47
3983 47
3984 47
3985 47
3986 47
3987 47
3988 47
3989 47
3990 47
3991 47
3992 47
3993 47
3994 47
3995 78
3996 47
3997 47
3998 47
3999 184
4000 109
4001 35
4002 47
4003 47
4004 140
4005 140
4006 140
4007 35
4008 109
4009 153
4010 109
4011 184
4012 33
4013 33
4014 33
4015 33
4016 65
4017 21
4018 21
4019 21
4020 65
4021 65
4022 33
4023 33
4024 65
4025 65
4026 65
4027 65
4028 91
4029 91
4030 91
4031 91
4032 109
4033 65
4034 65
4035 65
4036 109
4037 109
4038 109
4039 140
4040 60
4041 140
4042 60
4043 21
4044 60
4045 60
4046 153
4047 153
4048 109
4049 60
4050 153
4051 153
4052 109
4053 109
4054 153
4055 153
4056 34
4057 109
4058 34
4059 60
4060 34
4061 34
4062 60
4063 60
4064 47
4065 122
4066 109
4067 109
4068 153
4069 153
4070 153
4071 153
4072 47
4073 91
4074 47
4075 153
4076 60
4077 60
4078 60
4079 60
4080 47
4081 47
4082 60
4083 60
4084 47
4085 47
4086 153
4087 153
4088 60
4089 60
4090 60
4091 122
4092 60
4093 60
4094 153
4095 153
4096 0
4097 109
4098 153
4099 153
4100 34
4101 34
4102 34
4103 153
4104 34
4105 153
4106 34
4107 34
4108 34
4109 34
4110 34
4111 34
4112 122
4113 34
4114 109
4115 109
4116 122
4117 122
4118 34
4119 34
4120 122
4121 60
4122 122
4123 91
4124 34
4125 34
4126 34
4127 166
4128 122
4129 184
4130 122
4131 122
4132 153
4133 153
4134 153
4135 91
4136 122
4137 91
4138 122
4139 153
4140 122
4141 122
4142 122
4143 60
4144 122
4145 34
4146 34
4147 34
4148 122
4149 122
4150 91
4151 91
4152 60
4153 60
4154 60
4155 60
4156 60
4157 60
4158 47
4159 47
4160 29
4161 60
4162 60
4163 60
4164 122
4165 122
4166 122
4167 109
4168 122
4169 153
4170 122
4171 122
4172 122
4173 122
4174 109
4175 109
4176 29
4177 122
4178 60
4179 60
4180 29
4181 29
4182 34
4183 34
4184 122
4185 34
4186 122
4187 60
4188 122
4189 122
4190 104
4191 104
4192 29
4193 60
4194 60
4195 60
4196 60
4197 60
4198 60
4199 60
4200 29
4201 60
4202 29
4203 60
4204 91
4205 91
4206 91
4207 104
4208 78
4209 29
4210 122
4211 122
4212 78
4213 78
4214 153
4215 153
4216 78
4217 48
4218 78
4219 153
4220 166
4221 166
4222 166
4223 153
4224 29
4225 46
4226 78
4227 78
4228 78
4229 78
4230 78
4231 34
4232 29
4233 197
4234 29
4235 46
4236 29
4237 29
4238 78
4239 78
4240 122
4241 104
4242 104
4243 104
4244 122
4245 122
4246 29
4247 29
4248 122
4249 122
4250 122
4251 78
4252 73
4253 73
4254 73
4255 197
4256 29
4257 34
4258 122
4259 122
4260 73
4261 73
4262 73
4263 122
4264 29
4265 166
4266 29
4267 122
4268 60
4269 60
4270 60
4271 166
4272 17
4273 60
4274 60
4275 60
4276 17
4277 17
4278 73
4279 73
4280 17
4281 122
4282 17
4283 122
4284 166
4285 166
4286 166
4287 122
4288 29
4289 73
4290 73
4291 73
4292 15
4293 15
4294 15
4295 73
4296 15
4297 17
4298 15
4299 60
4300 15
4301 15
4302 104
4303 104
4304 29
4305 73
4306 73
4307 73
4308 29
4309 29
4310 166
4311 166
4312 47
4313 47
4314 47
4315 122
4316 47
4317 47
4318 122
4319 122
4320 42
4321 166
4322 29
4323 29
4324 135
4325 135
4326 135
4327 166
4328 42
4329 47
4330 42
4331 122
4332 135
4333 135
4334 135
4335 60
4336 42
4337 42
4338 73
4339 73
4340 42
4341 42
4342 47
4343 47
4344 135
4345 47
4346 135
4347 179
4348 135
4349 135
4350 73
4351 73
4352 16
4353 135
4354 135
4355 135
4356 42
4357 42
4358 42
4359 166
4360 42
4361 135
4362 42
4363 135
4364 42
4365 42
4366 135
4367 135
4368 29
4369 42
4370 104
4371 104
4372 29
4373 29
4374 73
4375 73
4376 29
4377 73
4378 29
4379 210
4380 73
4381 73
4382 73
4383 73
4384 91
4385 135
4386 135
4387 135
4388 135
4389 135
4390 135
4391 166
4392 91
4393 135
4394 91
4395 122
4396 29
4397 29
4398 29
4399 90
4400 91
4401 135
4402 135
4403 135
4404 91
4405 91
4406 47
4407 47
4408 42
4409 73
4410 42
4411 42
4412 42
4413 42
4414 166
4415 166
4416 16
4417 91
4418 73
4419 73
4420 91
4421 91
4422 91
4423 73
4424 135
4425 42
4426 135
4427 91
4428 135
4429 135
4430 117
4431 117
4432 16
4433 135
4434 73
4435 73
4436 16
4437 16
4438 91
4439 91
4440 29
4441 179
4442 29
4443 91
4444 29
4445 29
4446 179
4447 179
4448 42
4449 59
4450 135
4451 135
4452 135
4453 135
4454 135
4455 91
4456 42
4457 42
4458 42
4459 42
4460 91
4461 91
4462 91
4463 42
4464 42
4465 42
4466 135
4467 135
4468 42
4469 42
4470 42
4471 42
4472 86
4473 91
4474 86
4475 135
4476 86
4477 86
4478 135
4479 135
4480 16
4481 42
4482 42
4483 42
4484 42
4485 42
4486 42
4487 42
4488 42
4489 86
4490 42
4491 179
4492 42
4493 42
4494 73
4495 73
4496 42
4497 42
4498 42
4499 42
4500 42
4501 42
4502 30
4503 30
4504 42
4505 30
4506 42
4507 86
4508 135
4509 135
4510 135
4511 148
4512 16
4513 179
4514 28
4515 28
4516 28
4517 28
4518 28
4519 86
4520 16
4521 179
4522 16
4523 86
4524 28
4525 28
4526 28
4527 28
4528 60
4529 60
4530 60
4531 60
4532 60
4533 60
4534 86
4535 86
4536 60
4537 60
4538 60
4539 179
4540 60
4541 60
4542 60
4543 179
4544 104
4545 135
4546 135
4547 135
4548 16
4549 16
4550 16
4551 179
4552 55
4553 148
4554 55
4555 55
4556 55
4557 55
4558 148
4559 148
4560 104
4561 55
4562 148
4563 148
4564 104
4565 104
4566 55
4567 55
4568 29
4569 29
4570 29
4571 55
4572 29
4573 29
4574 117
4575 117
4576 104
4577 148
4578 104
4579 104
4580 148
4581 148
4582 148
4583 86
4584 104
4585 148
4586 104
4587 117
4588 55
4589 55
4590 55
4591 166
4592 42
4593 104
4594 55
4595 55
4596 42
4597 42
4598 148
4599 148
4600 42
4601 55
4602 42
4603 117
4604 55
4605 55
4606 55
4607 148
4608 24
4609 42
4610 104
4611 104
4612 148
4613 148
4614 148
4615 86
4616 29
4617 104
4618 29
4619 148
4620 29
4621 29
4622 148
4623 148
4624 29
4625 29
4626 104
4627 104
4628 29
4629 29
4630 104
4631 104
4632 29
4633 104
4634 29
4635 86
4636 55
4637 55
4638 55
4639 86
4640 117
4641 55
4642 29
4643 29
4644 179
4645 179
4646 179
4647 55
4648 117
4649 130
4650 117
4651 29
4652 148
4653 148
4654 148
4655 86
4656 117
4657 148
4658 148
4659 148
4660 117
4661 117
4662 104
4663 104
4664 29
4665 130
4666 29
4667 29
4668 29
4669 29
4670 86
4671 86
4672 117
4673 55
4674 55
4675 55
4676 55
4677 55
4678 55
4679 42
4680 55
4681 42
4682 55
4683 55
4684 55
4685 55
4686 148
4687 148
4688 117
4689 148
4690 148
4691 148
4692 117
4693 117
4694 104
4695 104
4696 117
4697 104
4698 117
4699 72
4700 117
4701 117
4702 55
4703 55
4704 117
4705 55
4706 29
4707 29
4708 29
4709 29
4710 29
4711 55
4712 117
4713 148
4714 117
4715 99
4716 55
4717 55
4718 55
4719 99
4720 55
4721 117
4722 55
4723 55
4724 55
4725 55
4726 55
4727 55
4728 55
4729 55
4730 55
4731 55
4732 86
4733 86
4734 86
4735 148
4736 24
4737 55
4738 117
4739 117
4740 148
4741 148
4742 148
4743 55
4744 73
4745 43
4746 73
4747 148
4748 73
4749 73
4750 161
4751 161
4752 73
4753 41
4754 41
4755 41
4756 73
4757 73
4758 73
4759 73
4760 73
4761 29
4762 73
4763 192
4764 41
4765 41
4766 41
4767 99
4768 24
4769 73
4770 99
4771 99
4772 99
4773 99
4774 99
4775 55
4776 24
4777 99
4778 24
4779 73
4780 117
4781 117
4782 117
4783 73
4784 117
4785 68
4786 68
4787 68
4788 117
4789 117
4790 29
4791 29
4792 117
4793 68
4794 117
4795 161
4796 68
4797 68
4798 68
4799 161
4800 12
4801 117
4802 161
4803 161
4804 55
4805 55
4806 55
4807 117
4808 55
4809 42
4810 55
4811 42
4812 55
4813 55
4814 68
4815 68
4816 12
4817 117
4818 117
4819 117
4820 12
4821 12
4822 161
4823 161
4824 68
4825 55
4826 68
4827 99
4828 68
4829 68
4830 117
4831 117
4832 10
4833 68
4834 12
4835 12
4836 55
4837 55
4838 55
4839 161
4840 10
4841 99
4842 10
4843 161
4844 68
4845 68
4846 68
4847 161
4848 42
4849 10
4850 161
4851 161
4852 42
4853 42
4854 117
4855 117
4856 42
4857 161
4858 42
4859 117
4860 161
4861 161
4862 161
4863 86
4864 24
4865 42
4866 42
4867 42
4868 130
4869 130
4870 130
4871 42
4872 130
4873 117
4874 130
4875 117
4876 130
4877 130
4878 130
4879 130
4880 37
4881 130
4882 68
4883 68
4884 37
4885 37
4886 42
4887 42
4888 37
4889 42
4890 37
4891 174
4892 130
4893 130
4894 130
4895 68
4896 37
4897 161
4898 130
4899 130
4900 130
4901 130
4902 130
4903 99
4904 37
4905 161
4906 37
4907 130
4908 130
4909 130
4910 130
4911 117
4912 37
4913 130
4914 130
4915 130
4916 37
4917 37
4918 99
4919 99
4920 68
4921 68
4922 68
4923 68
4924 68
4925 68
4926 205
4927 205
4928 24
4929 37
4930 68
4931 68
4932 130
4933 130
4934 130
4935 192
4936 130
4937 130
4938 130
4939 130
4940 130
4941 130
4942 130
4943 130
4944 24
4945 117
4946 117
4947 117
4948 24
4949 24
4950 68
4951 68
4952 130
4953 37
4954 130
4955 68
4956 130
4957 130
4958 42
4959 42
4960 86
4961 68
4962 37
4963 37
4964 37
4965 37
4966 37
4967 161
4968 86
4969 68
4970 86
4971 68
4972 68
4973 68
4974 68
4975 68
4976 86
4977 86
4978 37
4979 37
4980 86
4981 86
4982 99
4983 99
4984 130
4985 112
4986 130
4987 161
4988 130
4989 130
4990 68
4991 68
4992 37
4993 161
4994 86
4995 86
4996 174
4997 174
4998 174
4999 86
5000 24
5001 56
5002 24
5003 174
5004 24
5005 24
5006 54
5007 54
5008 130
5009 86
5010 86
5011 86
5012 130
5013 130
5014 37
5015 37
5016 130
5017 37
5018 130
5019 54
5020 86
5021 86
5022 86
5023 86
5024 37
5025 112
5026 130
5027 130
5028 37
5029 37
5030 37
5031 112
5032 37
5033 86
5034 37
5035 130
5036 81
5037 81
5038 81
5039 130
5040 37
5041 37
5042 37
5043 37
5044 37
5045 37
5046 130
5047 130
5048 37
5049 81
5050 37
5051 81
5052 174
5053 174
5054 174
5055 81
5056 37
5057 68
5058 68
5059 68
5060 37
5061 37
5062 37
5063 130
5064 25
5065 68
5066 25
5067 25
5068 25
5069 25
5070 81
5071 81
5072 37
5073 25
5074 130
5075 130
5076 37
5077 37
5078 174
5079 174
5080 23
5081 37
5082 23
5083 81
5084 23
5085 23
5086 174
5087 174
5088 55
5089 81
5090 37
5091 37
5092 23
5093 23
5094 23
5095 68
5096 55
5097 174
5098 55
5099 112
5100 81
5101 81
5102 81
5103 81
5104 55
5105 55
5106 174
5107 174
5108 55
5109 55
5110 55
5111 55
5112 130
5113 130
5114 130
5115 55
5116 130
5117 130
5118 112
5119 112
5120 11
5121 37
5122 143
5123 143
5124 50
5125 50
5126 50
5127 143
5128 50
5129 143
5130 50
5131 50
5132 50
5133 50
5134 143
5135 143
5136 24
5137 50
5138 50
5139 50
5140 24
5141 24
5142 50
5143 50
5144 24
5145 55
5146 24
5147 112
5148 143
5149 143
5150 143
5151 86
5152 99
5153 143
5154 24
5155 24
5156 143
5157 143
5158 143
5159 143
5160 99
5161 112
5162 99
5163 50
5164 50
5165 50
5166 50
5167 174
5168 99
5169 50
5170 50
5171 50
5172 99
5173 99
5174 143
5175 143
5176 37
5177 50
5178 37
5179 112
5180 37
5181 37
5182 50
5183 50
5184 24
5185 37
5186 37
5187 37
5188 99
5189 99
5190 99
5191 68
5192 143
5193 81
5194 143
5195 99
5196 143
5197 143
5198 143
5199 143
5200 24
5201 143
5202 174
5203 174
5204 24
5205 24
5206 99
5207 99
5208 99
5209 37
5210 99
5211 130
5212 99
5213 99
5214 81
5215 81
5216 24
5217 143
5218 50
5219 50
5220 50
5221 50
5222 50
5223 55
5224 24
5225 81
5226 24
5227 50
5228 174
5229 174
5230 174
5231 125
5232 143
5233 24
5234 81
5235 81
5236 143
5237 143
5238 99
5239 99
5240 143
5241 81
5242 143
5243 50
5244 99
5245 99
5246 99
5247 81
5248 112
5249 125
5250 24
5251 24
5252 24
5253 24
5254 24
5255 81
5256 50
5257 174
5258 50
5259 99
5260 50
5261 50
5262 187
5263 187
5264 50
5265 37
5266 37
5267 37
5268 50
5269 50
5270 50
5271 50
5272 50
5273 143
5274 50
5275 99
5276 143
5277 143
5278 143
5279 67
5280 112
5281 50
5282 99
5283 99
5284 99
5285 99
5286 99
5287 67
5288 112
5289 50
5290 112
5291 50
5292 50
5293 50
5294 50
5295 143
5296 24
5297 94
5298 94
5299 94
5300 24
5301 24
5302 143
5303 143
5304 24
5305 94
5306 24
5307 143
5308 50
5309 50
5310 50
5311 94
5312 112
5313 50
5314 50
5315 50
5316 50
5317 50
5318 50
5319 50
5320 50
5321 50
5322 50
5323 50
5324 50
5325 50
5326 81
5327 81
5328 112
5329 50
5330 50
5331 50
5332 112
5333 112
5334 38
5335 38
5336 143
5337 50
5338 143
5339 38
5340 143
5341 143
5342 38
5343 38
5344 68
5345 156
5346 112
5347 112
5348 36
5349 36
5350 36
5351 187
5352 68
5353 36
5354 68
5355 94
5356 24
5357 24
5358 24
5359 187
5360 68
5361 68
5362 36
5363 36
5364 68
5365 68
5366 68
5367 68
5368 94
5369 68
5370 94
5371 125
5372 94
5373 94
5374 94
5375 94
5376 9
5377 68
5378 68
5379 68
5380 112
5381 112
5382 112
5383 68
5384 63
5385 143
5386 63
5387 143
5388 63
5389 63
5390 24
5391 24
5392 112
5393 63
5394 156
5395 156
5396 112
5397 112
5398 63
5399 63
5400 112
5401 156
5402 112
5403 68
5404 156
5405 156
5406 156
5407 63
5408 50
5409 112
5410 37
5411 37
5412 37
5413 37
5414 37
5415 37
5416 50
5417 63
5418 50
5419 37
5420 112
5421 112
5422 112
5423 63
5424 50
5425 156
5426 156
5427 156
5428 50
5429 50
5430 94
5431 94
5432 63
5433 156
5434 63
5435 112
5436 63
5437 63
5438 63
5439 63
5440 7
5441 50
5442 63
5443 63
5444 50
5445 50
5446 50
5447 94
5448 63
5449 156
5450 63
5451 50
5452 63
5453 63
5454 125
5455 125
5456 5
5457 63
5458 156
5459 156
5460 3
5461 1
5462 112
5463 112
5464 37
5465 156
5466 37
5467 112
5468 37
5469 37
5470 156
5471 156
5472 125
5473 156
5474 37
5475 37
5476 37
5477 37
5478 37
5479 187
5480 125
5481 37
5482 125
5483 112
5484 112
5485 112
5486 112
5487 50
5488 125
5489 125
5490 37
5491 37
5492 125
5493 125
5494 63
5495 63
5496 37
5497 94
5498 37
5499 63
5500 37
5501 37
5502 169
5503 169
5504 32
5505 187
5506 125
5507 125
5508 156
5509 156
5510 156
5511 125
5512 125
5513 94
5514 125
5515 156
5516 125
5517 125
5518 156
5519 156
5520 125
5521 125
5522 125
5523 125
5524 125
5525 125
5526 37
5527 37
5528 125
5529 37
5530 125
5531 37
5532 94
5533 94
5534 94
5535 125
5536 32
5537 63
5538 63
5539 63
5540 63
5541 63
5542 63
5543 200
5544 32
5545 50
5546 32
5547 50
5548 63
5549 63
5550 63
5551 63
5552 125
5553 125
5554 125
5555 125
5556 125
5557 125
5558 156
5559 156
5560 125
5561 125
5562 125
5563 112
5564 112
5565 112
5566 112
5567 231
5568 32
5569 125
5570 63
5571 63
5572 32
5573 32
5574 32
5575 63
5576 125
5577 37
5578 125
5579 37
5580 125
5581 125
5582 63
5583 63
5584 32
5585 125
5586 107
5587 107
5588 32
5589 32
5590 63
5591 63
5592 63
5593 63
5594 63
5595 125
5596 63
5597 63
5598 63
5599 63
5600 81
5601 63
5602 32
5603 32
5604 94
5605 94
5606 94
5607 63
5608 81
5609 107
5610 81
5611 156
5612 125
5613 125
5614 125
5615 63
5616 81
5617 81
5618 156
5619 156
5620 81
5621 81
5622 51
5623 51
5624 169
5625 156
5626 169
5627 51
5628 169
5629 169
5630 156
5631 156
5632 19
5633 49
5634 81
5635 81
5636 81
5637 81
5638 81
5639 81
5640 32
5641 37
5642 32
5643 81
5644 32
5645 32
5646 49
5647 49
5648 125
5649 32
5650 81
5651 81
5652 125
5653 125
5654 107
5655 107
5656 125
5657 107
5658 125
5659 63
5660 32
5661 32
5662 32
5663 81
5664 32
5665 125
5666 125
5667 125
5668 76
5669 76
5670 76
5671 76
5672 32
5673 200
5674 32
5675 125
5676 125
5677 125
5678 125
5679 156
5680 32
5681 76
5682 76
5683 76
5684 32
5685 32
5686 169
5687 169
5688 63
5689 125
5690 63
5691 169
5692 63
5693 63
5694 169
5695 169
5696 32
5697 63
5698 63
5699 63
5700 20
5701 20
5702 20
5703 50
5704 20
5705 76
5706 20
5707 20
5708 20
5709 20
5710 125
5711 125
5712 32
5713 169
5714 169
5715 169
5716 32
5717 32
5718 76
5719 76
5720 18
5721 76
5722 18
5723 169
5724 18
5725 18
5726 76
5727 76
5728 32
5729 20
5730 18
5731 18
5732 18
5733 18
5734 18
5735 169
5736 32
5737 107
5738 32
5739 169
5740 76
5741 76
5742 76
5743 76
5744 50
5745 32
5746 169
5747 169
5748 50
5749 50
5750 50
5751 50
5752 50
5753 125
5754 50
5755 50
5756 125
5757 125
5758 125
5759 107
5760 19
5761 169
5762 32
5763 32
5764 138
5765 138
5766 138
5767 50
5768 45
5769 169
5770 45
5771 138
5772 45
5773 45
5774 125
5775 125
5776 45
5777 138
5778 138
5779 138
5780 45
5781 45
5782 45
5783 45
5784 45
5785 76
5786 45
5787 76
5788 50
5789 50
5790 50
5791 107
5792 19
5793 50
5794 138
5795 138
5796 138
5797 138
5798 138
5799 200
5800 19
5801 76
5802 19
5803 169
5804 138
5805 138
5806 138
5807 107
5808 45
5809 45
5810 45
5811 45
5812 45
5813 45
5814 138
5815 138
5816 45
5817 138
5818 45
5819 138
5820 138
5821 138
5822 138
5823 138
5824 94
5825 45
5826 107
5827 107
5828 32
5829 32
5830 32
5831 45
5832 32
5833 76
5834 32
5835 76
5836 32
5837 32
5838 213
5839 213
5840 94
5841 76
5842 76
5843 76
5844 94
5845 94
5846 138
5847 138
5848 138
5849 138
5850 138
5851 138
5852 138
5853 138
5854 169
5855 169
5856 94
5857 138
5858 94
5859 94
5860 32
5861 32
5862 32
5863 125
5864 94
5865 93
5866 94
5867 76
5868 138
5869 138
5870 138
5871 76
5872 45
5873 94
5874 50
5875 50
5876 45
5877 45
5878 76
5879 76
5880 45
5881 45
5882 45
5883 138
5884 169
5885 169
5886 169
5887 120
5888 19
5889 94
5890 76
5891 76
5892 94
5893 94
5894 94
5895 76
5896 138
5897 76
5898 138
5899 45
5900 138
5901 138
5902 94
5903 94
5904 19
5905 138
5906 120
5907 120
5908 19
5909 19
5910 138
5911 138
5912 19
5913 76
5914 19
5915 169
5916 94
5917 94
5918 94
5919 169
5920 45
5921 182
5922 32
5923 32
5924 32
5925 32
5926 32
5927 64
5928 45
5929 182
5930 45
5931 32
5932 138
5933 138
5934 138
5935 94
5936 45
5937 138
5938 138
5939 138
5940 45
5941 45
5942 45
5943 45
5944 94
5945 45
5946 94
5947 138
5948 94
5949 94
5950 45
5951 45
5952 19
5953 45
5954 138
5955 138
5956 45
5957 45
5958 45
5959 120
5960 89
5961 45
5962 89
5963 45
5964 89
5965 89
5966 138
5967 138
5968 19
5969 89
5970 138
5971 138
5972 19
5973 19
5974 45
5975 45
5976 45
5977 45
5978 45
5979 50
5980 45
5981 45
5982 45
5983 45
5984 45
5985 89
5986 45
5987 45
5988 45
5989 45
5990 45
5991 89
5992 45
5993 76
5994 45
5995 76
5996 45
5997 45
5998 45
5999 182
6000 45
6001 45
6002 33
6003 33
6004 45
6005 45
6006 33
6007 33
6008 138
6009 89
6010 138
6011 33
6012 138
6013 138
6014 151
6015 151
6016 107
6017 182
6018 31
6019 31
6020 31
6021 31
6022 31
6023 31
6024 19
6025 89
6026 19
6027 182
6028 19
6029 19
6030 89
6031 89
6032 63
6033 31
6034 31
6035 31
6036 63
6037 63
6038 63
6039 63
6040 63
6041 63
6042 63
6043 120
6044 89
6045 89
6046 89
6047 89
6048 107
6049 63
6050 63
6051 63
6052 63
6053 63
6054 63
6055 89
6056 107
6057 182
6058 107
6059 138
6060 138
6061 138
6062 138
6063 138
6064 58
6065 19
6066 19
6067 19
6068 58
6069 58
6070 151
6071 151
6072 58
6073 58
6074 58
6075 58
6076 151
6077 151
6078 151
6079 63
6080 107
6081 58
6082 151
6083 151
6084 107
6085 107
6086 107
6087 151
6088 32
6089 58
6090 32
6091 32
6092 32
6093 32
6094 58
6095 58
6096 107
6097 32
6098 120
6099 120
6100 107
6101 107
6102 151
6103 151
6104 151
6105 107
6106 151
6107 151
6108 151
6109 151
6110 89
6111 89
6112 45
6113 151
6114 107
6115 107
6116 58
6117 58
6118 58
6119 58
6120 45
6121 169
6122 45
6123 182
6124 58
6125 58
6126 58
6127 58
6128 45
6129 45
6130 151
6131 151
6132 45
6133 45
6134 58
6135 58
6136 58
6137 120
6138 58
6139 120
6140 58
6141 58
6142 151
6143 151
6144 14
6145 45
6146 107
6147 107
6148 151
6149 151
6150 151
6151 107
6152 32
6153 89
6154 32
6155 151
6156 32
6157 32
6158 151
6159 151
6160 32
6161 32
6162 151
6163 151
6164 32
6165 32
6166 32
6167 32
6168 32
6169 107
6170 32
6171 257
6172 107
6173 107
6174 107
6175 138
6176 120
6177 107
6178 32
6179 32
6180 58
6181 58
6182 58
6183 151
6184 120
6185 89
6186 120
6187 58
6188 32
6189 32
6190 32
6191 164
6192 120
6193 182
6194 182
6195 182
6196 120
6197 120
6198 133
6199 133
6200 151
6201 32
6202 151
6203 89
6204 151
6205 151
6206 89
6207 89
6208 120
6209 151
6210 151
6211 151
6212 120
6213 120
6214 120
6215 58
6216 32
6217 107
6218 32
6219 120
6220 32
6221 32
6222 32
6223 32
6224 120
6225 32
6226 89
6227 89
6228 120
6229 120
6230 58
6231 58
6232 58
6233 58
6234 58
6235 182
6236 58
6237 58
6238 45
6239 45
6240 120
6241 45
6242 58
6243 58
6244 58
6245 58
6246 58
6247 182
6248 120
6249 151
6250 120
6251 107
6252 151
6253 151
6254 151
6255 107
6256 120
6257 120
6258 107
6259 107
6260 120
6261 120
6262 107
6263 107
6264 120
6265 75
6266 120
6267 58
6268 58
6269 58
6270 58
6271 107
6272 27
6273 58
6274 32
6275 32
6276 32
6277 32
6278 32
6279 102
6280 120
6281 58
6282 120
6283 151
6284 120
6285 120
6286 102
6287 102
6288 58
6289 58
6290 58
6291 58
6292 58
6293 58
6294 120
6295 120
6296 58
6297 58
6298 58
6299 58
6300 58
6301 58
6302 58
6303 151
6304 27
6305 58
6306 58
6307 58
6308 89
6309 89
6310 89
6311 102
6312 27
6313 151
6314 27
6315 58
6316 120
6317 120
6318 120
6319 195
6320 76
6321 151
6322 151
6323 151
6324 76
6325 76
6326 46
6327 46
6328 76
6329 151
6330 76
6331 46
6332 164
6333 164
6334 164
6335 151
6336 27
6337 44
6338 44
6339 44
6340 76
6341 76
6342 76
6343 44
6344 76
6345 76
6346 76
6347 32
6348 76
6349 76
6350 195
6351 195
6352 27
6353 44
6354 44
6355 44
6356 27
6357 27
6358 76
6359 76
6360 102
6361 102
6362 102
6363 76
6364 102
6365 102
6366 58
6367 58
6368 120
6369 102
6370 27
6371 27
6372 120
6373 120
6374 120
6375 195
6376 120
6377 76
6378 120
6379 76
6380 71
6381 71
6382 71
6383 195
6384 120
6385 120
6386 32
6387 32
6388 120
6389 120
6390 71
6391 71
6392 71
6393 164
6394 71
6395 120
6396 71
6397 71
6398 164
6399 164
6400 27
6401 120
6402 164
6403 164
6404 58
6405 58
6406 58
6407 164
6408 58
6409 120
6410 58
6411 45
6412 58
6413 58
6414 45
6415 45
6416 15
6417 58
6418 71
6419 71
6420 15
6421 15
6422 120
6423 120
6424 15
6425 120
6426 15
6427 71
6428 164
6429 164
6430 164
6431 120
6432 13
6433 58
6434 71
6435 71
6436 71
6437 71
6438 71
6439 164
6440 13
6441 120
6442 13
6443 71
6444 15
6445 15
6446 15
6447 71
6448 13
6449 58
6450 58
6451 58
6452 13
6453 13
6454 102
6455 102
6456 71
6457 164
6458 71
6459 71
6460 71
6461 71
6462 164
6463 164
6464 27
6465 13
6466 164
6467 164
6468 45
6469 45
6470 45
6471 164
6472 45
6473 120
6474 45
6475 45
6476 45
6477 45
6478 120
6479 120
6480 27
6481 164
6482 164
6483 164
6484 27
6485 27
6486 45
6487 45
6488 133
6489 45
6490 133
6491 164
6492 133
6493 133
6494 45
6495 45
6496 40
6497 120
6498 133
6499 133
6500 133
6501 133
6502 133
6503 58
6504 40
6505 133
6506 40
6507 45
6508 71
6509 71
6510 71
6511 71
6512 40
6513 40
6514 45
6515 45
6516 40
6517 40
6518 45
6519 45
6520 133
6521 177
6522 133
6523 195
6524 133
6525 133
6526 71
6527 71
6528 27
6529 164
6530 133
6531 133
6532 133
6533 133
6534 133
6535 133
6536 40
6537 102
6538 40
6539 164
6540 40
6541 40
6542 133
6543 133
6544 40
6545 133
6546 133
6547 133
6548 40
6549 40
6550 133
6551 133
6552 40
6553 133
6554 40
6555 45
6556 102
6557 102
6558 102
6559 45
6560 27
6561 71
6562 71
6563 71
6564 71
6565 71
6566 71
6567 71
6568 27
6569 208
6570 27
6571 58
6572 71
6573 71
6574 71
6575 71
6576 133
6577 133
6578 133
6579 133
6580 133
6581 133
6582 133
6583 133
6584 133
6585 133
6586 133
6587 164
6588 133
6589 133
6590 133
6591 239
6592 89
6593 120
6594 120
6595 120
6596 27
6597 27
6598 27
6599 88
6600 133
6601 71
6602 133
6603 40
6604 133
6605 133
6606 71
6607 71
6608 89
6609 133
6610 45
6611 45
6612 89
6613 89
6614 71
6615 71
6616 40
6617 40
6618 40
6619 133
6620 40
6621 40
6622 164
6623 164
6624 89
6625 71
6626 89
6627 89
6628 71
6629 71
6630 71
6631 133
6632 89
6633 71
6634 89
6635 71
6636 40
6637 40
6638 40
6639 71
6640 133
6641 89
6642 102
6643 102
6644 133
6645 133
6646 115
6647 115
6648 133
6649 164
6650 133
6651 40
6652 71
6653 71
6654 71
6655 164
6656 14
6657 164
6658 89
6659 89
6660 177
6661 177
6662 177
6663 59
6664 27
6665 89
6666 27
6667 177
6668 27
6669 27
6670 177
6671 177
6672 133
6673 27
6674 57
6675 57
6676 133
6677 133
6678 89
6679 89
6680 133
6681 89
6682 133
6683 89
6684 40
6685 40
6686 40
6687 45
6688 40
6689 40
6690 133
6691 133
6692 89
6693 89
6694 89
6695 40
6696 40
6697 89
6698 40
6699 133
6700 133
6701 133
6702 133
6703 89
6704 40
6705 40
6706 40
6707 40
6708 40
6709 40
6710 89
6711 89
6712 84
6713 133
6714 84
6715 133
6716 84
6717 84
6718 133
6719 133
6720 40
6721 40
6722 40
6723 40
6724 40
6725 40
6726 40
6727 45
6728 40
6729 133
6730 40
6731 40
6732 40
6733 40
6734 84
6735 84
6736 40
6737 177
6738 177
6739 177
6740 40
6741 40
6742 71
6743 71
6744 40
6745 71
6746 40
6747 177
6748 40
6749 40
6750 133
6751 133
6752 40
6753 71
6754 28
6755 28
6756 28
6757 28
6758 28
6759 58
6760 40
6761 84
6762 40
6763 28
6764 133
6765 133
6766 133
6767 146
6768 26
6769 40
6770 177
6771 177
6772 26
6773 26
6774 40
6775 40
6776 26
6777 84
6778 26
6779 84
6780 177
6781 177
6782 177
6783 177
6784 14
6785 84
6786 40
6787 40
6788 26
6789 26
6790 26
6791 26
6792 58
6793 71
6794 58
6795 26
6796 58
6797 58
6798 115
6799 115
6800 58
6801 84
6802 84
6803 84
6804 58
6805 58
6806 58
6807 58
6808 58
6809 177
6810 58
6811 89
6812 58
6813 58
6814 58
6815 177
6816 14
6817 133
6818 133
6819 133
6820 133
6821 133
6822 133
6823 115
6824 14
6825 115
6826 14
6827 177
6828 146
6829 146
6830 146
6831 40
6832 53
6833 53
6834 53
6835 53
6836 53
6837 53
6838 146
6839 146
6840 53
6841 53
6842 53
6843 133
6844 146
6845 146
6846 146
6847 58
6848 102
6849 53
6850 53
6851 53
6852 27
6853 27
6854 27
6855 84
6856 27
6857 53
6858 27
6859 58
6860 27
6861 27
6862 115
6863 115
6864 102
6865 146
6866 146
6867 146
6868 102
6869 102
6870 146
6871 146
6872 146
6873 27
6874 146
6875 84
6876 146
6877 146
6878 146
6879 146
6880 102
6881 115
6882 102
6883 102
6884 53
6885 53
6886 53
6887 164
6888 102
6889 177
6890 102
6891 146
6892 53
6893 53
6894 53
6895 84
6896 40
6897 102
6898 146
6899 146
6900 40
6901 40
6902 53
6903 53
6904 40
6905 115
6906 40
6907 115
6908 53
6909 53
6910 53
6911 146
6912 115
6913 40
6914 40
6915 40
6916 102
6917 102
6918 102
6919 221
6920 146
6921 71
6922 146
6923 84
6924 146
6925 146
6926 102
6927 102
6928 27
6929 146
6930 146
6931 146
6932 27
6933 27
6934 146
6935 146
6936 27
6937 177
6938 27
6939 84
6940 102
6941 102
6942 102
6943 252
6944 27
6945 40
6946 102
6947 102
6948 102
6949 102
6950 102
6951 101
6952 27
6953 84
6954 27
6955 146
6956 53
6957 53
6958 53
6959 84
6960 27
6961 53
6962 53
6963 53
6964 27
6965 27
6966 84
6967 84
6968 177
6969 53
6970 177
6971 53
6972 177
6973 177
6974 128
6975 128
6976 115
6977 27
6978 84
6979 84
6980 146
6981 146
6982 146
6983 84
6984 146
6985 102
6986 146
6987 146
6988 146
6989 146
6990 53
6991 53
6992 115
6993 102
6994 102
6995 102
6996 115
6997 115
6998 128
6999 128
7000 27
7001 27
7002 27
7003 146
7004 27
7005 27
7006 84
7007 84
7008 53
7009 177
7010 53
7011 53
7012 53
7013 53
7014 53
7015 177
7016 53
7017 190
7018 53
7019 40
7020 40
7021 40
7022 40
7023 190
7024 53
7025 53
7026 53
7027 53
7028 53
7029 53
7030 146
7031 146
7032 146
7033 102
7034 146
7035 102
7036 146
7037 146
7038 70
7039 70
7040 115
7041 53
7042 102
7043 102
7044 102
7045 102
7046 102
7047 102
7048 115
7049 70
7050 115
7051 53
7052 115
7053 115
7054 53
7055 53
7056 27
7057 53
7058 53
7059 53
7060 27
7061 27
7062 97
7063 97
7064 27
7065 97
7066 27
7067 53
7068 146
7069 146
7070 146
7071 53
7072 115
7073 97
7074 27
7075 27
7076 53
7077 53
7078 53
7079 97
7080 115
7081 97
7082 115
7083 53
7084 53
7085 53
7086 53
7087 53
7088 53
7089 53
7090 53
7091 53
7092 53
7093 53
7094 53
7095 53
7096 53
7097 53
7098 53
7099 53
7100 84
7101 84
7102 84
7103 146
7104 71
7105 53
7106 53
7107 53
7108 115
7109 115
7110 115
7111 146
7112 146
7113 41
7114 146
7115 53
7116 146
7117 146
7118 41
7119 41
7120 71
7121 146
7122 41
7123 41
7124 71
7125 71
7126 159
7127 159
7128 39
7129 115
7130 39
7131 190
7132 39
7133 39
7134 190
7135 190
7136 71
7137 39
7138 71
7139 71
7140 27
7141 27
7142 27
7143 190
7144 71
7145 190
7146 71
7147 97
7148 39
7149 39
7150 39
7151 97
7152 97
7153 71
7154 71
7155 71
7156 97
7157 97
7158 71
7159 71
7160 97
7161 128
7162 97
7163 53
7164 97
7165 97
7166 97
7167 190
7168 22
7169 71
7170 71
7171 71
7172 115
7173 115
7174 115
7175 71
7176 66
7177 71
7178 66
7179 115
7180 66
7181 66
7182 146
7183 146
7184 115
7185 66
7186 27
7187 27
7188 115
7189 115
7190 66
7191 66
7192 115
7193 159
7194 115
7195 115
7196 66
7197 66
7198 66
7199 159
7200 53
7201 159
7202 115
7203 115
7204 159
7205 159
7206 159
7207 66
7208 53
7209 66
7210 53
7211 115
7212 40
7213 40
7214 40
7215 66
7216 53
7217 40
7218 40
7219 40
7220 53
7221 53
7222 66
7223 66
7224 115
7225 40
7226 115
7227 128
7228 115
7229 115
7230 66
7231 66
7232 10
7233 159
7234 159
7235 159
7236 53
7237 53
7238 53
7239 40
7240 66
7241 97
7242 66
7243 53
7244 66
7245 66
7246 115
7247 115
7248 10
7249 66
7250 66
7251 66
7252 10
7253 10
7254 53
7255 53
7256 53
7257 66
7258 53
7259 159
7260 53
7261 53
7262 97
7263 97
7264 8
7265 159
7266 66
7267 66
7268 66
7269 66
7270 66
7271 159
7272 8
7273 128
7274 8
7275 128
7276 159
7277 159
7278 159
7279 172
7280 40
7281 4
7282 115
7283 115
7284 40
7285 40
7286 159
7287 159
7288 40
7289 115
7290 40
7291 159
7292 159
7293 159
7294 159
7295 84
7296 35
7297 159
7298 40
7299 40
7300 40
7301 40
7302 40
7303 159
7304 128
7305 190
7306 128
7307 40
7308 128
7309 128
7310 115
7311 115
7312 128
7313 115
7314 115
7315 115
7316 128
7317 128
7318 128
7319 128
7320 128
7321 40
7322 128
7323 159
7324 66
7325 66
7326 66
7327 97
7328 35
7329 97
7330 40
7331 40
7332 40
7333 40
7334 40
7335 71
7336 35
7337 172
7338 35
7339 190
7340 128
7341 128
7342 128
7343 66
7344 128
7345 159
7346 159
7347 159
7348 128
7349 128
7350 97
7351 97
7352 128
7353 159
7354 128
7355 97
7356 159
7357 159
7358 159
7359 141
7360 35
7361 128
7362 128
7363 128
7364 128
7365 128
7366 128
7367 115
7368 128
7369 40
7370 128
7371 40
7372 128
7373 128
7374 40
7375 40
7376 35
7377 97
7378 97
7379 97
7380 35
7381 35
7382 66
7383 66
7384 66
7385 66
7386 66
7387 66
7388 66
7389 66
7390 203
7391 203
7392 128
7393 53
7394 35
7395 35
7396 66
7397 66
7398 66
7399 85
7400 128
7401 66
7402 128
7403 190
7404 128
7405 128
7406 128
7407 53
7408 128
7409 128
7410 159
7411 159
7412 128
7413 128
7414 128
7415 128
7416 115
7417 115
7418 115
7419 66
7420 115
7421 115
7422 234
7423 234
7424 22
7425 128
7426 66
7427 66
7428 35
7429 35
7430 35
7431 66
7432 128
7433 66
7434 128
7435 40
7436 128
7437 128
7438 40
7439 40
7440 35
7441 128
7442 66
7443 66
7444 35
7445 35
7446 128
7447 128
7448 35
7449 110
7450 35
7451 159
7452 66
7453 66
7454 66
7455 66
7456 84
7457 66
7458 66
7459 66
7460 66
7461 66
7462 66
7463 66
7464 84
7465 66
7466 84
7467 66
7468 35
7469 35
7470 35
7471 66
7472 84
7473 97
7474 97
7475 97
7476 84
7477 84
7478 110
7479 110
7480 128
7481 159
7482 128
7483 35
7484 128
7485 128
7486 66
7487 66
7488 22
7489 84
7490 159
7491 159
7492 84
7493 84
7494 84
7495 66
7496 172
7497 54
7498 172
7499 84
7500 172
7501 172
7502 54
7503 54
7504 22
7505 172
7506 159
7507 159
7508 22
7509 22
7510 52
7511 52
7512 84
7513 84
7514 84
7515 203
7516 84
7517 84
7518 84
7519 84
7520 128
7521 40
7522 35
7523 35
7524 35
7525 35
7526 35
7527 146
7528 128
7529 52
7530 128
7531 52
7532 84
7533 84
7534 84
7535 84
7536 128
7537 128
7538 110
7539 110
7540 128
7541 128
7542 110
7543 110
7544 35
7545 66
7546 35
7547 110
7548 35
7549 35
7550 84
7551 84
7552 35
7553 128
7554 128
7555 128
7556 79
7557 79
7558 79
7559 128
7560 35
7561 79
7562 35
7563 79
7564 35
7565 35
7566 128
7567 128
7568 35
7569 128
7570 128
7571 128
7572 35
7573 35
7574 79
7575 79
7576 35
7577 79
7578 35
7579 128
7580 172
7581 172
7582 172
7583 79
7584 35
7585 128
7586 66
7587 66
7588 66
7589 66
7590 66
7591 172
7592 35
7593 172
7594 35
7595 128
7596 66
7597 66
7598 66
7599 53
7600 23
7601 23
7602 23
7603 23
7604 23
7605 23
7606 79
7607 79
7608 23
7609 23
7610 23
7611 128
7612 128
7613 128
7614 128
7615 53
7616 35
7617 172
7618 172
7619 172
7620 35
7621 35
7622 35
7623 66
7624 21
7625 79
7626 21
7627 79
7628 21
7629 21
7630 172
7631 172
7632 35
7633 21
7634 79
7635 79
7636 35
7637 35
7638 23
7639 23
7640 21
7641 21
7642 21
7643 66
7644 21
7645 21
7646 172
7647 172
7648 53
7649 110
7650 35
7651 35
7652 79
7653 79
7654 79
7655 79
7656 53
7657 79
7658 53
7659 172
7660 172
7661 172
7662 172
7663 84
7664 53
7665 53
7666 53
7667 53
7668 53
7669 53
7670 128
7671 128
7672 128
7673 53
7674 128
7675 172
7676 128
7677 128
7678 110
7679 110
7680 22
7681 172
7682 35
7683 35
7684 141
7685 141
7686 141
7687 53
7688 48
7689 53
7690 48
7691 141
7692 48
7693 48
7694 141
7695 141
7696 48
7697 48
7698 128
7699 128
7700 48
7701 48
7702 141
7703 141
7704 48
7705 141
7706 48
7707 66
7708 48
7709 48
7710 48
7711 128
7712 22
7713 79
7714 48
7715 48
7716 53
7717 53
7718 53
7719 48
7720 22
7721 110
7722 22
7723 48
7724 141
7725 141
7726 141
7727 84
7728 22
7729 141
7730 141
7731 141
7732 22
7733 22
7734 79
7735 79
7736 141
7737 172
7738 141
7739 141
7740 141
7741 141
7742 110
7743 110
7744 97
7745 48
7746 48
7747 48
7748 48
7749 48
7750 48
7751 172
7752 48
7753 141
7754 48
7755 48
7756 48
7757 48
7758 141
7759 141
7760 97
7761 141
7762 141
7763 141
7764 97
7765 97
7766 48
7767 48
7768 35
7769 110
7770 35
7771 110
7772 35
7773 35
7774 48
7775 48
7776 97
7777 79
7778 35
7779 35
7780 35
7781 35
7782 35
7783 79
7784 97
7785 216
7786 97
7787 66
7788 79
7789 79
7790 79
7791 66
7792 141
7793 97
7794 141
7795 141
7796 141
7797 141
7798 141
7799 141
7800 141
7801 141
7802 141
7803 141
7804 172
7805 172
7806 172
7807 79
7808 22
7809 141
7810 97
7811 97
7812 35
7813 35
7814 35
7815 128
7816 97
7817 128
7818 97
7819 35
7820 97
7821 97
7822 79
7823 79
7824 48
7825 141
7826 141
7827 141
7828 48
7829 48
7830 97
7831 97
7832 48
7833 53
7834 48
7835 53
7836 79
7837 79
7838 79
7839 79
7840 22
7841 48
7842 48
7843 48
7844 172
7845 172
7846 172
7847 123
7848 22
7849 123
7850 22
7851 79
7852 79
7853 79
7854 79
7855 79
7856 141
7857 97
7858 97
7859 97
7860 141
7861 141
7862 79
7863 79
7864 141
7865 48
7866 141
7867 48
7868 97
7869 97
7870 97
7871 79
7872 48
7873 141
7874 123
7875 123
7876 22
7877 22
7878 22
7879 141
7880 22
7881 141
7882 22
7883 79
7884 22
7885 22
7886 172
7887 172
7888 48
7889 97
7890 97
7891 97
7892 48
7893 48
7894 185
7895 185
7896 35
7897 35
7898 35
7899 97
7900 35
7901 35
7902 67
7903 67
7904 48
7905 185
7906 48
7907 48
7908 141
7909 141
7910 141
7911 65
7912 48
7913 97
7914 48
7915 97
7916 141
7917 141
7918 141
7919 65
7920 97
7921 48
7922 48
7923 48
7924 97
7925 97
7926 48
7927 48
7928 97
7929 141
7930 97
7931 65
7932 48
7933 48
7934 48
7935 123
7936 110
7937 48
7938 141
7939 141
7940 48
7941 48
7942 48
7943 141
7944 92
7945 123
7946 92
7947 48
7948 92
7949 92
7950 48
7951 48
7952 22
7953 92
7954 141
7955 141
7956 22
7957 22
7958 92
7959 92
7960 22
7961 141
7962 22
7963 247
7964 48
7965 48
7966 48
7967 92
7968 48
7969 48
7970 48
7971 48
7972 48
7973 48
7974 48
7975 141
7976 48
7977 48
7978 48
7979 48
7980 48
7981 48
7982 48
7983 48
7984 48
7985 48
7986 48
7987 48
7988 48
7989 48
7990 79
7991 79
7992 48
7993 79
7994 48
7995 48
7996 48
7997 48
7998 185
7999 185
8000 110
8001 48
8002 36
8003 36
8004 48
8005 48
8006 48
8007 36
8008 141
8009 36
8010 141
8011 48
8012 141
8013 141
8014 36
8015 36
8016 110
8017 141
8018 154
8019 154
8020 110
8021 110
8022 185
8023 185
8024 34
8025 34
8026 34
8027 185
8028 34
8029 34
8030 34
8031 34
8032 66
8033 92
8034 22
8035 22
8036 22
8037 22
8038 22
8039 185
8040 66
8041 92
8042 66
8043 48
8044 34
8045 34
8046 34
8047 36
8048 66
8049 66
8050 66
8051 66
8052 66
8053 66
8054 66
8055 66
8056 92
8057 123
8058 92
8059 48
8060 92
8061 92
8062 92
8063 92
8064 110
8065 66
8066 66
8067 66
8068 66
8069 66
8070 66
8071 66
8072 110
8073 92
8074 110
8075 66
8076 110
8077 110
8078 141
8079 141
8080 61
8081 141
8082 141
8083 141
8084 61
8085 61
8086 22
8087 22
8088 61
8089 22
8090 61
8091 185
8092 154
8093 154
8094 154
8095 110
8096 110
8097 61
8098 61
8099 61
8100 154
8101 154
8102 154
8103 185
8104 110
8105 66
8106 110
8107 61
8108 154
8109 154
8110 154
8111 61
8112 35
8113 110
8114 110
8115 110
8116 35
8117 35
8118 61
8119 61
8120 35
8121 35
8122 35
8123 35
8124 61
8125 61
8126 61
8127 185
8128 48
8129 35
8130 123
8131 123
8132 110
8133 110
8134 110
8135 61
8136 154
8137 154
8138 154
8139 110
8140 154
8141 154
8142 154
8143 154
8144 48
8145 154
8146 92
8147 92
8148 48
8149 48
8150 154
8151 154
8152 61
8153 110
8154 61
8155 123
8156 61
8157 61
8158 61
8159 61
8160 48
8161 172
8162 48
8163 48
8164 61
8165 61
8166 61
8167 154
8168 48
8169 61
8170 48
8171 92
8172 154
8173 154
8174 154
8175 141
8176 61
8177 48
8178 61
8179 61
8180 61
8181 61
8182 123
8183 123
8184 61
8185 123
8186 61
8187 123
8188 154
8189 154
8190 154
8191 154
8192 0
8193 48
8194 110
8195 110
8196 154
8197 154
8198 154
8199 110
8200 35
8201 110
8202 35
8203 154
8204 35
8205 35
8206 154
8207 154
8208 35
8209 35
8210 154
8211 154
8212 35
8213 35
8214 35
8215 35
8216 35
8217 154
8218 35
8219 185
8220 35
8221 35
8222 35
8223 185
8224 123
8225 110
8226 35
8227 35
8228 110
8229 110
8230 110
8231 48
8232 123
8233 141
8234 123
8235 110
8236 35
8237 35
8238 35
8239 154
8240 123
8241 61
8242 61
8243 61
8244 123
8245 123
8246 92
8247 92
8248 35
8249 61
8250 35
8251 61
8252 35
8253 35
8254 167
8255 167
8256 123
8257 185
8258 185
8259 185
8260 123
8261 123
8262 123
8263 154
8264 154
8265 136
8266 154
8267 123
8268 154
8269 154
8270 92
8271 92
8272 123
8273 154
8274 92
8275 92
8276 123
8277 123
8278 154
8279 154
8280 123
8281 154
8282 123
8283 92
8284 123
8285 123
8286 61
8287 61
8288 123
8289 110
8290 35
8291 35
8292 35
8293 35
8294 35
8295 92
8296 123
8297 35
8298 123
8299 154
8300 92
8301 92
8302 92
8303 123
8304 61
8305 123
8306 61
8307 61
8308 61
8309 61
8310 61
8311 61
8312 61
8313 185
8314 61
8315 198
8316 48
8317 48
8318 48
8319 80
8320 30
8321 48
8322 61
8323 61
8324 61
8325 61
8326 61
8327 61
8328 123
8329 185
8330 123
8331 154
8332 123
8333 123
8334 110
8335 110
8336 123
8337 154
8338 154
8339 154
8340 123
8341 123
8342 123
8343 123
8344 123
8345 110
8346 123
8347 61
8348 110
8349 110
8350 110
8351 229
8352 30
8353 78
8354 123
8355 123
8356 61
8357 61
8358 61
8359 136
8360 30
8361 110
8362 30
8363 61
8364 35
8365 35
8366 35
8367 154
8368 123
8369 35
8370 35
8371 35
8372 123
8373 123
8374 61
8375 61
8376 123
8377 154
8378 123
8379 154
8380 105
8381 105
8382 105
8383 154
8384 30
8385 61
8386 61
8387 61
8388 61
8389 61
8390 61
8391 61
8392 61
8393 123
8394 61
8395 61
8396 61
8397 61
8398 61
8399 61
8400 30
8401 61
8402 61
8403 61
8404 30
8405 30
8406 61
8407 61
8408 92
8409 61
8410 92
8411 61
8412 92
8413 92
8414 105
8415 105
8416 79
8417 154
8418 30
8419 30
8420 123
8421 123
8422 123
8423 61
8424 79
8425 198
8426 79
8427 154
8428 154
8429 154
8430 154
8431 92
8432 79
8433 79
8434 49
8435 49
8436 79
8437 79
8438 154
8439 154
8440 167
8441 49
8442 167
8443 105
8444 167
8445 167
8446 154
8447 154
8448 30
8449 47
8450 47
8451 47
8452 79
8453 79
8454 79
8455 198
8456 79
8457 47
8458 79
8459 79
8460 79
8461 79
8462 35
8463 35
8464 30
8465 79
8466 198
8467 198
8468 30
8469 30
8470 47
8471 47
8472 30
8473 47
8474 30
8475 105
8476 79
8477 79
8478 79
8479 79
8480 123
8481 105
8482 105
8483 105
8484 105
8485 105
8486 105
8487 136
8488 123
8489 61
8490 123
8491 105
8492 30
8493 30
8494 30
8495 79
8496 123
8497 123
8498 123
8499 123
8500 123
8501 123
8502 79
8503 79
8504 74
8505 79
8506 74
8507 74
8508 74
8509 74
8510 198
8511 198
8512 30
8513 123
8514 35
8515 35
8516 123
8517 123
8518 123
8519 154
8520 74
8521 74
8522 74
8523 123
8524 74
8525 74
8526 123
8527 123
8528 30
8529 74
8530 167
8531 167
8532 30
8533 30
8534 123
8535 123
8536 61
8537 167
8538 61
8539 123
8540 61
8541 61
8542 167
8543 167
8544 18
8545 123
8546 61
8547 61
8548 61
8549 61
8550 61
8551 74
8552 18
8553 48
8554 18
8555 48
8556 74
8557 74
8558 74
8559 74
8560 18
8561 18
8562 123
8563 123
8564 18
8565 18
8566 123
8567 123
8568 167
8569 74
8570 167
8571 167
8572 167
8573 167
8574 123
8575 123
8576 30
8577 61
8578 74
8579 74
8580 74
8581 74
8582 74
8583 74
8584 16
8585 167
8586 16
8587 123
8588 16
8589 16
8590 74
8591 74
8592 16
8593 18
8594 18
8595 18
8596 16
8597 16
8598 61
8599 61
8600 16
8601 61
8602 16
8603 167
8604 105
8605 105
8606 105
8607 167
8608 30
8609 167
8610 74
8611 74
8612 74
8613 74
8614 74
8615 74
8616 30
8617 167
8618 30
8619 136
8620 167
8621 167
8622 167
8623 74
8624 48
8625 48
8626 48
8627 48
8628 48
8629 48
8630 123
8631 123
8632 48
8633 48
8634 48
8635 167
8636 123
8637 123
8638 123
8639 105
8640 43
8641 167
8642 167
8643 167
8644 30
8645 30
8646 30
8647 48
8648 136
8649 48
8650 136
8651 48
8652 136
8653 136
8654 167
8655 167
8656 43
8657 136
8658 48
8659 48
8660 43
8661 43
8662 123
8663 123
8664 136
8665 136
8666 136
8667 123
8668 136
8669 136
8670 61
8671 61
8672 43
8673 136
8674 43
8675 43
8676 74
8677 74
8678 74
8679 167
8680 43
8681 74
8682 43
8683 105
8684 48
8685 48
8686 48
8687 105
8688 136
8689 43
8690 48
8691 48
8692 136
8693 136
8694 180
8695 180
8696 136
8697 198
8698 136
8699 198
8700 74
8701 74
8702 74
8703 105
8704 17
8705 167
8706 136
8707 136
8708 136
8709 136
8710 136
8711 105
8712 43
8713 136
8714 43
8715 136
8716 43
8717 43
8718 167
8719 167
8720 43
8721 43
8722 136
8723 136
8724 43
8725 43
8726 136
8727 136
8728 43
8729 136
8730 43
8731 123
8732 136
8733 136
8734 136
8735 136
8736 30
8737 136
8738 43
8739 43
8740 105
8741 105
8742 105
8743 105
8744 30
8745 48
8746 30
8747 43
8748 74
8749 74
8750 74
8751 48
8752 30
8753 74
8754 74
8755 74
8756 30
8757 30
8758 211
8759 211
8760 74
8761 61
8762 74
8763 43
8764 74
8765 74
8766 74
8767 74
8768 92
8769 136
8770 136
8771 136
8772 136
8773 136
8774 136
8775 136
8776 136
8777 136
8778 136
8779 136
8780 136
8781 136
8782 167
8783 167
8784 92
8785 136
8786 136
8787 136
8788 92
8789 92
8790 123
8791 123
8792 30
8793 123
8794 30
8795 123
8796 30
8797 30
8798 91
8799 91
8800 92
8801 74
8802 136
8803 136
8804 136
8805 136
8806 136
8807 74
8808 92
8809 74
8810 92
8811 48
8812 48
8813 48
8814 48
8815 48
8816 43
8817 92
8818 74
8819 74
8820 43
8821 43
8822 43
8823 43
8824 43
8825 136
8826 43
8827 118
8828 167
8829 167
8830 167
8831 118
8832 17
8833 74
8834 92
8835 92
8836 74
8837 74
8838 74
8839 74
8840 92
8841 136
8842 92
8843 74
8844 92
8845 92
8846 74
8847 74
8848 136
8849 43
8850 43
8851 43
8852 136
8853 136
8854 92
8855 92
8856 136
8857 105
8858 136
8859 74
8860 118
8861 118
8862 118
8863 74
8864 17
8865 167
8866 136
8867 136
8868 74
8869 74
8870 74
8871 74
8872 17
8873 167
8874 17
8875 92
8876 92
8877 92
8878 92
8879 167
8880 30
8881 180
8882 180
8883 180
8884 30
8885 30
8886 92
8887 92
8888 30
8889 180
8890 30
8891 62
8892 180
8893 180
8894 180
8895 62
8896 43
8897 30
8898 60
8899 60
8900 136
8901 136
8902 136
8903 92
8904 136
8905 92
8906 136
8907 92
8908 136
8909 136
8910 92
8911 92
8912 43
8913 43
8914 43
8915 43
8916 43
8917 43
8918 43
8919 43
8920 92
8921 136
8922 92
8923 60
8924 92
8925 92
8926 43
8927 43
8928 43
8929 92
8930 43
8931 43
8932 136
8933 136
8934 136
8935 105
8936 43
8937 92
8938 43
8939 118
8940 43
8941 43
8942 43
8943 149
8944 87
8945 43
8946 92
8947 92
8948 87
8949 87
8950 136
8951 136
8952 87
8953 136
8954 87
8955 92
8956 136
8957 136
8958 136
8959 242
8960 17
8961 43
8962 43
8963 43
8964 43
8965 43
8966 43
8967 136
8968 43
8969 48
8970 43
8971 136
8972 43
8973 43
8974 43
8975 43
8976 43
8977 43
8978 87
8979 87
8980 43
8981 43
8982 180
8983 180
8984 43
8985 180
8986 43
8987 87
8988 74
8989 74
8990 74
8991 136
8992 43
8993 74
8994 43
8995 43
8996 43
8997 43
8998 43
8999 180
9000 43
9001 136
9002 43
9003 74
9004 31
9005 31
9006 31
9007 74
9008 43
9009 31
9010 31
9011 31
9012 43
9013 43
9014 87
9015 87
9016 136
9017 31
9018 136
9019 31
9020 136
9021 136
9022 149
9023 149
9024 17
9025 43
9026 180
9027 180
9028 29
9029 29
9030 29
9031 180
9032 29
9033 43
9034 29
9035 29
9036 29
9037 29
9038 87
9039 87
9040 17
9041 180
9042 180
9043 180
9044 17
9045 17
9046 87
9047 87
9048 29
9049 43
9050 29
9051 87
9052 29
9053 29
9054 29
9055 29
9056 61
9057 74
9058 61
9059 61
9060 61
9061 61
9062 61
9063 87
9064 61
9065 118
9066 61
9067 43
9068 87
9069 87
9070 87
9071 87
9072 61
9073 61
9074 61
9075 61
9076 61
9077 61
9078 180
9079 180
9080 61
9081 92
9082 61
9083 87
9084 61
9085 61
9086 180
9087 180
9088 105
9089 136
9090 136
9091 136
9092 136
9093 136
9094 136
9095 136
9096 17
9097 118
9098 17
9099 118
9100 17
9101 17
9102 180
9103 180
9104 56
9105 149
9106 149
9107 149
9108 56
9109 56
9110 56
9111 56
9112 56
9113 56
9114 56
9115 149
9116 149
9117 149
9118 149
9119 61
9120 105
9121 56
9122 56
9123 56
9124 149
9125 149
9126 149
9127 149
9128 105
9129 61
9130 105
9131 149
9132 56
9133 56
9134 56
9135 56
9136 30
9137 30
9138 30
9139 30
9140 30
9141 30
9142 56
9143 56
9144 30
9145 61
9146 30
9147 61
9148 118
9149 118
9150 118
9151 87
9152 105
9153 149
9154 149
9155 149
9156 105
9157 105
9158 105
9159 193
9160 149
9161 149
9162 149
9163 30
9164 149
9165 149
9166 87
9167 87
9168 105
9169 149
9170 149
9171 149
9172 105
9173 105
9174 118
9175 118
9176 56
9177 105
9178 56
9179 56
9180 56
9181 56
9182 167
9183 167
9184 43
9185 180
9186 105
9187 105
9188 56
9189 56
9190 56
9191 56
9192 43
9193 87
9194 43
9195 149
9196 149
9197 149
9198 149
9199 61
9200 43
9201 43
9202 56
9203 56
9204 43
9205 43
9206 118
9207 118
9208 56
9209 118
9210 56
9211 118
9212 56
9213 56
9214 149
9215 149
9216 25
9217 43
9218 43
9219 43
9220 105
9221 105
9222 105
9223 43
9224 149
9225 224
9226 149
9227 105
9228 149
9229 149
9230 87
9231 87
9232 30
9233 149
9234 105
9235 105
9236 30
9237 30
9238 149
9239 149
9240 30
9241 149
9242 30
9243 87
9244 149
9245 149
9246 149
9247 180
9248 30
9249 180
9250 30
9251 30
9252 105
9253 105
9254 105
9255 149
9256 30
9257 255
9258 30
9259 43
9260 105
9261 105
9262 105
9263 136
9264 30
9265 105
9266 105
9267 105
9268 30
9269 30
9270 87
9271 87
9272 56
9273 149
9274 56
9275 149
9276 56
9277 56
9278 87
9279 87
9280 118
9281 56
9282 56
9283 56
9284 30
9285 30
9286 30
9287 162
9288 180
9289 87
9290 180
9291 30
9292 180
9293 180
9294 56
9295 56
9296 118
9297 180
9298 131
9299 131
9300 118
9301 118
9302 30
9303 30
9304 149
9305 87
9306 149
9307 87
9308 149
9309 149
9310 87
9311 87
9312 118
9313 105
9314 149
9315 149
9316 149
9317 149
9318 149
9319 87
9320 118
9321 56
9322 118
9323 56
9324 105
9325 105
9326 105
9327 87
9328 30
9329 118
9330 131
9331 131
9332 30
9333 30
9334 30
9335 30
9336 30
9337 149
9338 30
9339 149
9340 87
9341 87
9342 87
9343 56
9344 118
9345 180
9346 56
9347 56
9348 56
9349 56
9350 56
9351 105
9352 56
9353 180
9354 56
9355 193
9356 56
9357 56
9358 43
9359 43
9360 56
9361 43
9362 43
9363 43
9364 56
9365 56
9366 56
9367 56
9368 56
9369 56
9370 56
9371 180
9372 149
9373 149
9374 149
9375 43
9376 118
9377 105
9378 149
9379 149
9380 149
9381 149
9382 149
9383 105
9384 118
9385 73
9386 118
9387 56
9388 105
9389 105
9390 105
9391 56
9392 118
9393 105
9394 105
9395 105
9396 118
9397 118
9398 73
9399 73
9400 118
9401 56
9402 118
9403 56
9404 56
9405 56
9406 56
9407 105
9408 118
9409 56
9410 56
9411 56
9412 30
9413 30
9414 30
9415 56
9416 30
9417 100
9418 30
9419 100
9420 30
9421 30
9422 56
9423 56
9424 118
9425 149
9426 149
9427 149
9428 118
9429 118
9430 100
9431 100
9432 56
9433 30
9434 56
9435 149
9436 56
9437 56
9438 100
9439 100
9440 56
9441 100
9442 118
9443 118
9444 56
9445 56
9446 56
9447 149
9448 56
9449 56
9450 56
9451 149
9452 56
9453 56
9454 56
9455 149
9456 56
9457 56
9458 56
9459 56
9460 56
9461 56
9462 56
9463 56
9464 87
9465 56
9466 87
9467 100
9468 87
9469 87
9470 149
9471 149
9472 25
9473 56
9474 56
9475 56
9476 118
9477 118
9478 118
9479 193
9480 149
9481 149
9482 149
9483 44
9484 149
9485 149
9486 56
9487 56
9488 74
9489 149
9490 44
9491 44
9492 74
9493 74
9494 149
9495 149
9496 74
9497 44
9498 74
9499 100
9500 162
9501 162
9502 162
9503 149
9504 74
9505 118
9506 42
9507 42
9508 42
9509 42
9510 42
9511 42
9512 74
9513 193
9514 74
9515 42
9516 74
9517 74
9518 74
9519 100
9520 74
9521 30
9522 30
9523 30
9524 74
9525 74
9526 193
9527 193
9528 42
9529 100
9530 42
9531 74
9532 42
9533 42
9534 100
9535 100
9536 25
9537 74
9538 74
9539 74
9540 100
9541 100
9542 100
9543 42
9544 100
9545 74
9546 100
9547 100
9548 100
9549 100
9550 56
9551 56
9552 25
9553 100
9554 100
9555 100
9556 25
9557 25
9558 74
9559 74
9560 118
9561 74
9562 118
9563 193
9564 118
9565 118
9566 74
9567 74
9568 118
9569 74
9570 69
9571 69
9572 69
9573 69
9574 69
9575 193
9576 118
9577 149
9578 118
9579 149
9580 30
9581 30
9582 30
9583 131
9584 118
9585 118
9586 69
9587 69
9588 118
9589 118
9590 162
9591 162
9592 69
9593 118
9594 69
9595 69
9596 69
9597 69
9598 162
9599 162
9600 13
9601 162
9602 118
9603 118
9604 162
9605 162
9606 162
9607 118
9608 56
9609 69
9610 56
9611 162
9612 56
9613 56
9614 118
9615 118
9616 56
9617 43
9618 43
9619 43
9620 56
9621 56
9622 43
9623 43
9624 56
9625 43
9626 56
9627 43
9628 69
9629 69
9630 69
9631 148
9632 13
9633 43
9634 118
9635 118
9636 118
9637 118
9638 118
9639 131
9640 13
9641 69
9642 13
9643 162
9644 162
9645 162
9646 162
9647 118
9648 69
9649 56
9650 56
9651 56
9652 69
9653 69
9654 100
9655 100
9656 69
9657 56
9658 69
9659 162
9660 118
9661 118
9662 118
9663 180
9664 11
9665 69
9666 69
9667 69
9668 13
9669 13
9670 13
9671 69
9672 56
9673 56
9674 56
9675 69
9676 56
9677 56
9678 162
9679 162
9680 11
9681 56
9682 100
9683 100
9684 11
9685 11
9686 162
9687 162
9688 69
9689 69
9690 69
9691 56
9692 69
9693 69
9694 162
9695 162
9696 43
9697 131
9698 11
9699 11
9700 162
9701 162
9702 162
9703 131
9704 43
9705 175
9706 43
9707 162
9708 118
9709 118
9710 118
9711 56
9712 43
9713 43
9714 162
9715 162
9716 43
9717 43
9718 118
9719 118
9720 162
9721 162
9722 162
9723 100
9724 162
9725 162
9726 87
9727 87
9728 25
9729 162
9730 43
9731 43
9732 43
9733 43
9734 43
9735 43
9736 131
9737 162
9738 131
9739 43
9740 131
9741 131
9742 43
9743 43
9744 131
9745 131
9746 118
9747 118
9748 131
9749 131
9750 118
9751 118
9752 131
9753 118
9754 131
9755 56
9756 131
9757 131
9758 131
9759 149
9760 38
9761 43
9762 131
9763 131
9764 69
9765 69
9766 69
9767 69
9768 38
9769 100
9770 38
9771 131
9772 43
9773 43
9774 43
9775 149
9776 38
9777 43
9778 43
9779 43
9780 38
9781 38
9782 175
9783 175
9784 131
9785 193
9786 131
9787 193
9788 131
9789 131
9790 69
9791 69
9792 38
9793 162
9794 162
9795 162
9796 131
9797 131
9798 131
9799 43
9800 131
9801 100
9802 131
9803 131
9804 131
9805 131
9806 100
9807 100
9808 38
9809 162
9810 162
9811 162
9812 38
9813 38
9814 131
9815 131
9816 131
9817 131
9818 131
9819 69
9820 131
9821 131
9822 118
9823 118
9824 38
9825 43
9826 131
9827 131
9828 131
9829 131
9830 131
9831 100
9832 38
9833 43
9834 38
9835 162
9836 100
9837 100
9838 100
9839 43
9840 69
9841 38
9842 69
9843 69
9844 69
9845 69
9846 69
9847 69
9848 69
9849 69
9850 69
9851 69
9852 206
9853 206
9854 206
9855 88
9856 25
9857 56
9858 38
9859 38
9860 69
9861 69
9862 69
9863 69
9864 131
9865 88
9866 131
9867 69
9868 131
9869 131
9870 193
9871 193
9872 131
9873 131
9874 131
9875 131
9876 131
9877 131
9878 131
9879 131
9880 131
9881 162
9882 131
9883 162
9884 131
9885 131
9886 131
9887 237
9888 25
9889 118
9890 118
9891 118
9892 118
9893 118
9894 118
9895 118
9896 25
9897 237
9898 25
9899 86
9900 69
9901 69
9902 69
9903 69
9904 131
9905 38
9906 38
9907 38
9908 131
9909 131
9910 69
9911 69
9912 131
9913 43
9914 131
9915 43
9916 43
9917 43
9918 43
9919 144
9920 87
9921 131
9922 69
9923 69
9924 38
9925 38
9926 38
9927 131
9928 38
9929 131
9930 38
9931 113
9932 38
9933 38
9934 162
9935 162
9936 87
9937 69
9938 69
9939 69
9940 87
9941 87
9942 69
9943 69
9944 69
9945 69
9946 69
9947 131
9948 69
9949 69
9950 69
9951 69
9952 87
9953 69
9954 87
9955 87
9956 38
9957 38
9958 38
9959 69
9960 87
9961 69
9962 87
9963 69
9964 100
9965 100
9966 100
9967 69
9968 131
9969 87
9970 113
9971 113
9972 131
9973 131
9974 162
9975 162
9976 131
9977 38
9978 131
9979 69
9980 69
9981 69
9982 69
9983 162
9984 38
9985 87
9986 162
9987 162
9988 87
9989 87
9990 87
9991 162
9992 175
9993 69
9994 175
9995 57
9996 175
9997 175
9998 87
9999 87
10000 25
